283.8241882324219,76.8622817993164,0.8694878220558167,295.871337890625,167.29579162597656,0.8878049850463867,217.49285888671875,169.37832641601562,0.8127248883247375,167.2064208984375,273.8003234863281,0.7971581220626831,203.4471435546875,313.9590759277344,0.8702385425567627,372.23095703125,165.21139526367188,0.7402247190475464,426.43133544921875,279.7521057128906,0.8459169864654541,376.260009765625,327.9811706542969,0.8860198259353638,297.89996337890625,398.3792724609375,0.5474845170974731,239.6251983642578,402.3836364746094,0.48050230741500854,358.1310119628906,398.3594970703125,0.4774986207485199,265.8597106933594,70.7540512084961,0.9112454652786255,299.95428466796875,66.80821228027344,0.8576098680496216,249.69143676757812,88.95772552490234,0.7691875100135803,328.0350646972656,86.85319519042969,0.869198203086853,1.9586383569451016,2.046155024498619,1.8944820738026833,1.9854826364291764
283.0,77.0,1.0,296.0,168.0,1.0,218.0,169.0,1.0,167.0,273.0,1.0,203.0,312.0,1.0,372.0,165.0,1.0,427.0,279.0,1.0,376.0,326.0,1.0,298.0,398.0,1.0,240.0,402.0,1.0,358.0,398.0,1.0,265.0,71.0,1.0,299.0,67.0,1.0,249.0,89.0,1.0,328.0,87.0,1.0,1.9402474225560902,2.039541892027342,1.865886532816941,1.9808574002053958
283.0,77.0,1.0,296.0,168.0,1.0,218.0,169.0,1.0,167.0,273.0,1.0,203.0,310.0,1.0,372.0,165.0,1.0,427.0,278.0,1.0,376.0,323.0,1.0,298.0,398.0,1.0,240.0,402.0,1.0,358.0,398.0,1.0,265.0,71.0,1.0,299.0,67.0,1.0,249.0,89.0,1.0,328.0,87.0,1.0,1.913966508805666,2.039541892027342,1.8408038221830367,1.9843149837112082
283.0,77.0,1.0,296.0,168.0,1.0,218.0,169.0,1.0,167.0,272.0,1.0,203.0,306.0,1.0,372.0,165.0,1.0,427.0,277.0,1.0,376.0,319.0,1.0,298.0,388.0,1.0,242.0,392.0,1.0,358.0,380.0,1.0,265.0,71.0,1.0,299.0,67.0,1.0,249.0,89.0,1.0,328.0,87.0,1.0,1.8678742542994233,2.0433727153219587,1.8032414420060439,1.9878223987015713
283.0,77.0,1.0,296.0,168.0,1.0,218.0,169.0,1.0,168.0,271.0,1.0,203.0,303.0,1.0,372.0,165.0,1.0,427.0,275.0,1.0,376.0,315.0,1.0,298.0,388.0,1.0,242.0,392.0,1.0,358.0,379.0,1.0,265.0,71.0,1.0,299.0,67.0,1.0,249.0,89.0,1.0,328.0,87.0,1.0,1.8556745027610237,2.0393898932445027,1.7722514042635846,1.9949907346986633
283.0,77.0,1.0,296.0,168.0,1.0,218.0,169.0,1.0,167.0,272.0,1.0,203.0,296.0,1.0,372.0,164.0,1.0,427.0,276.0,1.0,376.0,310.0,1.0,298.0,388.0,1.0,242.0,392.0,1.0,359.0,382.0,1.0,265.0,71.0,1.0,299.0,67.0,1.0,249.0,89.0,1.0,328.0,87.0,1.0,1.6990423522883025,2.0433727153219587,1.70231965733875,1.974692538187669
283.0,77.0,1.0,296.0,168.0,1.0,218.0,169.0,1.0,163.0,272.0,1.0,203.0,287.0,1.0,372.0,164.0,1.0,427.0,274.0,1.0,376.0,304.0,1.0,298.0,388.0,1.0,242.0,392.0,1.0,359.0,382.0,1.0,265.0,71.0,1.0,299.0,67.0,1.0,249.0,89.0,1.0,328.0,87.0,1.0,1.4391058925168274,2.074077241816439,1.6388727850528961,1.981860874184761
283.0,77.0,1.0,296.0,168.0,1.0,218.0,169.0,1.0,160.0,273.0,1.0,202.0,278.0,1.0,372.0,164.0,1.0,427.0,272.0,1.0,377.0,299.0,1.0,298.0,391.0,1.0,241.0,395.0,1.0,360.0,385.0,1.0,265.0,71.0,1.0,299.0,67.0,1.0,249.0,89.0,1.0,328.0,87.0,1.0,1.180556461637481,2.0923459615833506,1.5949020414438217,1.9892408140034339
283.0,77.0,1.0,296.0,168.0,1.0,218.0,169.0,1.0,158.0,273.0,1.0,201.0,278.0,1.0,372.0,164.0,1.0,427.0,270.0,1.0,377.0,294.0,1.0,298.0,394.0,1.0,240.0,399.0,1.0,360.0,389.0,1.0,265.0,71.0,1.0,299.0,67.0,1.0,249.0,89.0,1.0,328.0,87.0,1.0,1.1632772223837318,2.1068944593997725,1.5396885401838905,1.9968410269521308
283.0,77.0,1.0,296.0,168.0,1.0,218.0,169.0,1.0,155.0,278.0,1.0,201.0,267.0,1.0,370.0,163.0,1.0,428.0,272.0,1.0,378.0,292.0,1.0,298.0,394.0,1.0,239.0,403.0,1.0,360.0,392.0,1.0,265.0,71.0,1.0,299.0,67.0,1.0,249.0,89.0,1.0,328.0,87.0,1.0,0.8120015315347537,2.107688320042743,1.4622982120483583,1.992335794131895
283.0,77.0,1.0,296.0,168.0,1.0,218.0,169.0,1.0,155.0,276.0,1.0,201.0,256.0,1.0,370.0,163.0,1.0,429.0,274.0,1.0,378.0,288.0,1.0,298.0,394.0,1.0,239.0,403.0,1.0,360.0,392.0,1.0,265.0,71.0,1.0,299.0,67.0,1.0,249.0,89.0,1.0,328.0,87.0,1.0,0.6285365890867102,2.1157485344344926,1.350153259197191,1.991884792294037
283.0,77.0,1.0,296.0,168.0,1.0,218.0,169.0,1.0,154.0,277.0,1.0,201.0,248.0,1.0,370.0,163.0,1.0,429.0,276.0,1.0,378.0,285.0,1.0,298.0,394.0,1.0,239.0,403.0,1.0,360.0,392.0,1.0,265.0,71.0,1.0,299.0,67.0,1.0,249.0,89.0,1.0,328.0,87.0,1.0,0.4830000314162611,2.1185712110538937,1.2642788567449277,1.9845209713312004
283.0,77.0,1.0,296.0,168.0,1.0,218.0,169.0,1.0,154.0,279.0,1.0,203.0,240.0,1.0,370.0,163.0,1.0,428.0,276.0,1.0,378.0,284.0,1.0,298.0,394.0,1.0,240.0,401.0,1.0,360.0,392.0,1.0,265.0,71.0,1.0,299.0,67.0,1.0,249.0,89.0,1.0,328.0,87.0,1.0,0.3716059177985032,2.110559364457227,1.2552409925774386,1.9775418986768514
283.0,77.0,1.0,296.0,168.0,1.0,218.0,169.0,1.0,154.0,278.0,1.0,205.0,231.0,1.0,370.0,163.0,1.0,426.0,277.0,1.0,378.0,285.0,1.0,298.0,394.0,1.0,240.0,401.0,1.0,360.0,392.0,1.0,265.0,71.0,1.0,299.0,67.0,1.0,249.0,89.0,1.0,328.0,87.0,1.0,0.2952700251240107,2.1145379584091,1.2793395323170296,1.9599367741654858
283.0,77.0,1.0,296.0,168.0,1.0,219.0,168.0,1.0,155.0,278.0,1.0,207.0,224.0,1.0,370.0,163.0,1.0,425.0,280.0,1.0,377.0,292.0,1.0,298.0,394.0,1.0,239.0,398.0,1.0,360.0,392.0,1.0,265.0,71.0,1.0,299.0,67.0,1.0,249.0,89.0,1.0,328.0,87.0,1.0,0.23958925018634783,2.097739553984326,1.3763440991371085,1.942762193057644
283.0,77.0,1.0,296.0,168.0,1.0,220.0,163.0,1.0,158.0,280.0,1.0,209.0,220.0,1.0,369.0,163.0,1.0,423.0,283.0,1.0,375.0,304.0,1.0,298.0,394.0,1.0,239.0,398.0,1.0,359.0,389.0,1.0,266.0,71.0,1.0,299.0,67.0,1.0,249.0,89.0,1.0,328.0,87.0,1.0,0.21720221368394613,1.992393375800704,1.5603528422593431,1.9252639093373338
284.0,77.0,1.0,296.0,168.0,1.0,219.0,165.0,1.0,160.0,280.0,1.0,211.0,221.0,1.0,368.0,163.0,1.0,422.0,282.0,1.0,373.0,318.0,1.0,297.0,391.0,1.0,238.0,395.0,1.0,348.0,380.0,1.0,267.0,71.0,1.0,300.0,67.0,1.0,250.0,89.0,1.0,328.0,87.0,1.0,0.23877085066740775,2.005882842697404,1.778435153876021,1.9274573740953087
284.0,77.0,1.0,296.0,168.0,1.0,221.0,170.0,1.0,162.0,281.0,1.0,212.0,227.0,1.0,368.0,163.0,1.0,422.0,283.0,1.0,372.0,331.0,1.0,297.0,391.0,1.0,238.0,395.0,1.0,350.0,392.0,1.0,267.0,71.0,1.0,300.0,67.0,1.0,250.0,89.0,1.0,328.0,87.0,1.0,0.2584020833552147,2.08601016519054,1.9129352333728662,1.924317119239629
284.0,77.0,1.0,296.0,168.0,1.0,219.0,167.0,1.0,164.0,282.0,1.0,214.0,238.0,1.0,368.0,163.0,1.0,423.0,284.0,1.0,373.0,341.0,1.0,297.0,394.0,1.0,238.0,395.0,1.0,358.0,394.0,1.0,267.0,71.0,1.0,300.0,67.0,1.0,250.0,89.0,1.0,328.0,87.0,1.0,0.4030359269867317,2.0039155928181276,1.9948944666888204,1.9280906862335643
284.0,77.0,1.0,296.0,168.0,1.0,219.0,167.0,1.0,166.0,281.0,1.0,209.0,255.0,1.0,369.0,164.0,1.0,424.0,285.0,1.0,374.0,345.0,1.0,297.0,397.0,1.0,237.0,399.0,1.0,360.0,398.0,1.0,267.0,71.0,1.0,300.0,67.0,1.0,250.0,89.0,1.0,328.0,87.0,1.0,0.5917783242889157,1.9929955900785827,2.020226884266214,1.9426840398718919
284.0,77.0,1.0,296.0,168.0,1.0,219.0,168.0,1.0,168.0,282.0,1.0,207.0,265.0,1.0,369.0,164.0,1.0,425.0,284.0,1.0,371.0,347.0,1.0,296.0,402.0,1.0,236.0,403.0,1.0,354.0,406.0,1.0,267.0,71.0,1.0,300.0,67.0,1.0,250.0,89.0,1.0,328.0,87.0,1.0,0.7390684302719973,1.9914596759279317,1.9963392216485818,1.9526837065585572
284.0,77.0,1.0,296.0,168.0,1.0,219.0,169.0,1.0,169.0,284.0,1.0,207.0,266.0,1.0,369.0,164.0,1.0,424.0,284.0,1.0,369.0,347.0,1.0,296.0,402.0,1.0,236.0,403.0,1.0,354.0,407.0,1.0,267.0,71.0,1.0,300.0,67.0,1.0,250.0,89.0,1.0,328.0,87.0,1.0,0.7182947632766608,1.9939099502565603,1.9941252337896251,1.9458188258417044
284.0,77.0,1.0,296.0,168.0,1.0,219.0,170.0,1.0,168.0,283.0,1.0,205.0,258.0,1.0,369.0,164.0,1.0,423.0,284.0,1.0,367.0,347.0,1.0,292.0,404.0,1.0,236.0,403.0,1.0,350.0,407.0,1.0,267.0,71.0,1.0,300.0,67.0,1.0,250.0,89.0,1.0,328.0,87.0,1.0,0.5526253504905669,2.020721786510349,1.992096386775127,1.9389104728779567
284.0,77.0,1.0,296.0,168.0,1.0,219.0,170.0,1.0,166.0,280.0,1.0,206.0,249.0,1.0,369.0,164.0,1.0,422.0,285.0,1.0,367.0,347.0,1.0,292.0,401.0,1.0,235.0,400.0,1.0,350.0,405.0,1.0,267.0,71.0,1.0,300.0,67.0,1.0,249.0,89.0,1.0,328.0,87.0,1.0,0.4624896157426258,2.045761156725866,2.003108411638158,1.9289004516876003
283.0,77.0,1.0,296.0,168.0,1.0,219.0,170.0,1.0,165.0,278.0,1.0,209.0,237.0,1.0,369.0,164.0,1.0,421.0,286.0,1.0,367.0,348.0,1.0,292.0,398.0,1.0,235.0,397.0,1.0,351.0,402.0,1.0,267.0,70.0,1.0,299.0,67.0,1.0,249.0,89.0,1.0,328.0,87.0,1.0,0.357030027990234,2.060412123007259,2.0221393886398737,1.9189681375985317
283.0,77.0,1.0,296.0,168.0,1.0,219.0,169.0,1.0,164.0,279.0,1.0,209.0,226.0,1.0,369.0,164.0,1.0,421.0,286.0,1.0,367.0,349.0,1.0,292.0,398.0,1.0,235.0,397.0,1.0,352.0,402.0,1.0,267.0,70.0,1.0,299.0,67.0,1.0,249.0,89.0,1.0,328.0,87.0,1.0,0.24029851009077102,2.0474302187158755,2.0300547906086073,1.9189681375985317
283.0,77.0,1.0,296.0,168.0,1.0,221.0,164.0,1.0,162.0,277.0,1.0,209.0,218.0,1.0,369.0,164.0,1.0,421.0,286.0,1.0,367.0,348.0,1.0,292.0,398.0,1.0,235.0,397.0,1.0,350.0,402.0,1.0,267.0,70.0,1.0,299.0,67.0,1.0,249.0,89.0,1.0,328.0,87.0,1.0,0.19148088274886124,1.998703144293413,2.0221393886398737,1.9189681375985317
283.0,77.0,1.0,296.0,168.0,1.0,221.0,164.0,1.0,163.0,278.0,1.0,209.0,213.0,1.0,369.0,164.0,1.0,421.0,285.0,1.0,367.0,346.0,1.0,292.0,398.0,1.0,235.0,397.0,1.0,347.0,404.0,1.0,267.0,70.0,1.0,299.0,67.0,1.0,249.0,89.0,1.0,328.0,87.0,1.0,0.14522944993338732,1.9881539772413437,2.011100251139321,1.921945341672829
284.0,77.0,1.0,296.0,168.0,1.0,221.0,165.0,1.0,163.0,278.0,1.0,210.0,212.0,1.0,369.0,164.0,1.0,420.0,284.0,1.0,366.0,343.0,1.0,292.0,398.0,1.0,235.0,397.0,1.0,348.0,406.0,1.0,268.0,70.0,1.0,300.0,67.0,1.0,249.0,89.0,1.0,328.0,87.0,1.0,0.14460417033382592,2.005028236075466,1.9985427871475412,1.9179271941854723
285.0,77.0,1.0,296.0,168.0,1.0,222.0,165.0,1.0,164.0,279.0,1.0,212.0,213.0,1.0,369.0,164.0,1.0,420.0,283.0,1.0,364.0,340.0,1.0,293.0,398.0,1.0,235.0,397.0,1.0,350.0,402.0,1.0,269.0,70.0,1.0,301.0,67.0,1.0,250.0,89.0,1.0,328.0,87.0,1.0,0.15815578440929273,2.0009184763226893,1.9601520304235192,1.9209483330300994
286.0,77.0,1.0,296.0,168.0,1.0,224.0,167.0,1.0,166.0,281.0,1.0,214.0,216.0,1.0,369.0,164.0,1.0,420.0,282.0,1.0,363.0,337.0,1.0,294.0,398.0,1.0,235.0,397.0,1.0,346.0,403.0,1.0,270.0,70.0,1.0,302.0,67.0,1.0,251.0,89.0,1.0,328.0,87.0,1.0,0.16543500069761058,2.027548832870069,1.9303831169803713,1.9240126748174369
287.0,78.0,1.0,296.0,168.0,1.0,223.0,169.0,1.0,168.0,283.0,1.0,216.0,220.0,1.0,369.0,164.0,1.0,420.0,281.0,1.0,364.0,333.0,1.0,294.0,398.0,1.0,235.0,397.0,1.0,350.0,400.0,1.0,271.0,70.0,1.0,303.0,67.0,1.0,251.0,89.0,1.0,328.0,87.0,1.0,0.20156244693694098,2.034008374675301,1.9081098269285506,1.9271210941348804
288.0,79.0,1.0,296.0,168.0,1.0,223.0,171.0,1.0,170.0,284.0,1.0,218.0,225.0,1.0,369.0,164.0,1.0,420.0,281.0,1.0,364.0,333.0,1.0,294.0,398.0,1.0,235.0,397.0,1.0,352.0,398.0,1.0,272.0,71.0,1.0,306.0,69.0,1.0,251.0,89.0,1.0,328.0,87.0,1.0,0.2443910440738826,2.0504323712017913,1.9081098269285506,1.9271210941348804
288.0,80.0,1.0,296.0,169.0,1.0,220.0,167.0,1.0,170.0,284.0,1.0,219.0,231.0,1.0,369.0,164.0,1.0,420.0,282.0,1.0,364.0,334.0,1.0,294.0,398.0,1.0,236.0,397.0,1.0,352.0,398.0,1.0,273.0,72.0,1.0,306.0,70.0,1.0,251.0,90.0,1.0,328.0,88.0,1.0,0.3423427665630171,1.948346404449351,1.911218246245994,1.9103661112768142
288.0,82.0,1.0,296.0,170.0,1.0,220.0,167.0,1.0,170.0,284.0,1.0,220.0,240.0,1.0,369.0,164.0,1.0,419.0,283.0,1.0,364.0,337.0,1.0,294.0,398.0,1.0,236.0,400.0,1.0,352.0,398.0,1.0,273.0,73.0,1.0,306.0,71.0,1.0,251.0,91.0,1.0,328.0,89.0,1.0,0.44528168102275895,1.9352029206052337,1.9492495869832203,1.8865597299327255
288.0,84.0,1.0,296.0,170.0,1.0,220.0,167.0,1.0,167.0,280.0,1.0,220.0,252.0,1.0,369.0,164.0,1.0,419.0,284.0,1.0,363.0,339.0,1.0,296.0,399.0,1.0,236.0,400.0,1.0,355.0,398.0,1.0,273.0,75.0,1.0,307.0,73.0,1.0,252.0,90.0,1.0,328.0,90.0,1.0,0.6462011316383597,1.9699063915142978,1.9523946052021663,1.8835800009684724
288.0,86.0,1.0,296.0,170.0,1.0,220.0,167.0,1.0,165.0,276.0,1.0,221.0,267.0,1.0,369.0,164.0,1.0,419.0,285.0,1.0,363.0,341.0,1.0,295.0,399.0,1.0,236.0,400.0,1.0,356.0,398.0,1.0,274.0,74.0,1.0,307.0,75.0,1.0,252.0,91.0,1.0,328.0,91.0,1.0,0.944134089609939,1.9986537219788978,1.9643410823706131,1.8806422890904428
289.0,88.0,1.0,296.0,170.0,1.0,220.0,167.0,1.0,166.0,277.0,1.0,222.0,284.0,1.0,369.0,164.0,1.0,419.0,286.0,1.0,363.0,344.0,1.0,295.0,399.0,1.0,236.0,400.0,1.0,357.0,398.0,1.0,275.0,75.0,1.0,308.0,77.0,1.0,252.0,92.0,1.0,328.0,92.0,1.0,1.2388028527845492,1.987691594254966,1.9847796700707405,1.877745761447718
289.0,89.0,1.0,296.0,170.0,1.0,220.0,167.0,1.0,169.0,270.0,1.0,223.0,299.0,1.0,369.0,164.0,1.0,419.0,287.0,1.0,364.0,347.0,1.0,298.0,399.0,1.0,238.0,402.0,1.0,361.0,400.0,1.0,275.0,76.0,1.0,309.0,76.0,1.0,252.0,93.0,1.0,328.0,93.0,1.0,1.6038761457343358,1.9910997037520188,2.013544661239411,1.874889605613176
292.0,88.0,1.0,296.0,170.0,1.0,220.0,167.0,1.0,167.0,274.0,1.0,224.0,315.0,1.0,369.0,164.0,1.0,419.0,287.0,1.0,366.0,348.0,1.0,298.0,410.0,1.0,242.0,412.0,1.0,360.0,410.0,1.0,275.0,76.0,1.0,309.0,76.0,1.0,252.0,90.0,1.0,328.0,93.0,1.0,1.7344547507929517,1.9912454338588275,2.040154348486335,1.874889605613176
292.0,88.0,1.0,296.0,170.0,1.0,220.0,167.0,1.0,166.0,276.0,1.0,221.0,318.0,1.0,369.0,164.0,1.0,420.0,287.0,1.0,368.0,347.0,1.0,299.0,410.0,1.0,242.0,412.0,1.0,360.0,407.0,1.0,275.0,76.0,1.0,309.0,76.0,1.0,252.0,90.0,1.0,328.0,93.0,1.0,1.7629965835752701,1.9913142806745534,2.0344439357957027,1.8818469004506435
292.0,88.0,1.0,296.0,170.0,1.0,219.0,167.0,1.0,166.0,275.0,1.0,216.0,313.0,1.0,369.0,164.0,1.0,421.0,286.0,1.0,370.0,345.0,1.0,300.0,406.0,1.0,240.0,409.0,1.0,357.0,405.0,1.0,275.0,76.0,1.0,309.0,76.0,1.0,252.0,89.0,1.0,328.0,93.0,1.0,1.7644539744512364,1.9880677854534652,2.0258823530693237,1.8917004721222268
292.0,88.0,1.0,296.0,170.0,1.0,219.0,167.0,1.0,165.0,274.0,1.0,212.0,303.0,1.0,369.0,164.0,1.0,421.0,285.0,1.0,370.0,344.0,1.0,292.0,406.0,1.0,237.0,408.0,1.0,353.0,405.0,1.0,275.0,75.0,1.0,309.0,76.0,1.0,252.0,89.0,1.0,328.0,93.0,1.0,1.656258613419971,1.9992339186653223,2.0229051489950263,1.894677676196524
291.0,88.0,1.0,296.0,170.0,1.0,219.0,167.0,1.0,165.0,273.0,1.0,209.0,296.0,1.0,369.0,164.0,1.0,421.0,285.0,1.0,370.0,343.0,1.0,294.0,404.0,1.0,237.0,408.0,1.0,352.0,404.0,1.0,274.0,75.0,1.0,309.0,76.0,1.0,252.0,89.0,1.0,328.0,93.0,1.0,1.581293740036648,2.0030212480109673,2.0144378102659632,1.894677676196524
290.0,88.0,1.0,296.0,170.0,1.0,218.0,167.0,1.0,165.0,274.0,1.0,207.0,289.0,1.0,369.0,164.0,1.0,421.0,284.0,1.0,371.0,341.0,1.0,294.0,404.0,1.0,237.0,408.0,1.0,360.0,404.0,1.0,273.0,75.0,1.0,308.0,76.0,1.0,252.0,89.0,1.0,329.0,91.0,1.0,1.4539179590546298,1.992256044934679,2.012614130864771,1.8976967102196363
289.0,88.0,1.0,296.0,170.0,1.0,218.0,167.0,1.0,164.0,272.0,1.0,206.0,282.0,1.0,369.0,164.0,1.0,422.0,283.0,1.0,372.0,337.0,1.0,294.0,404.0,1.0,237.0,408.0,1.0,356.0,404.0,1.0,272.0,75.0,1.0,307.0,76.0,1.0,251.0,89.0,1.0,329.0,91.0,1.0,1.329528751398701,2.0073644930388057,1.975633327565325,1.907792633916919
289.0,88.0,1.0,296.0,170.0,1.0,218.0,167.0,1.0,160.0,271.0,1.0,206.0,275.0,1.0,369.0,164.0,1.0,422.0,281.0,1.0,372.0,331.0,1.0,294.0,404.0,1.0,237.0,408.0,1.0,356.0,404.0,1.0,272.0,75.0,1.0,307.0,76.0,1.0,251.0,89.0,1.0,329.0,91.0,1.0,1.1488048411553284,2.041083561089262,1.930855656145949,1.914127715315107
289.0,88.0,1.0,296.0,170.0,1.0,218.0,167.0,1.0,158.0,270.0,1.0,207.0,268.0,1.0,369.0,164.0,1.0,422.0,279.0,1.0,372.0,323.0,1.0,292.0,392.0,1.0,234.0,394.0,1.0,348.0,384.0,1.0,272.0,75.0,1.0,307.0,76.0,1.0,251.0,89.0,1.0,329.0,91.0,1.0,1.0025320601615708,2.059824320539169,1.8605949740133283,1.9206450849150407
289.0,88.0,1.0,296.0,170.0,1.0,218.0,167.0,1.0,157.0,272.0,1.0,206.0,263.0,1.0,369.0,163.0,1.0,422.0,279.0,1.0,372.0,316.0,1.0,292.0,392.0,1.0,234.0,394.0,1.0,348.0,384.0,1.0,272.0,75.0,1.0,307.0,76.0,1.0,251.0,89.0,1.0,329.0,91.0,1.0,0.8628513511768466,2.0586498823917467,1.7792923776029994,1.903772486598637
289.0,88.0,1.0,296.0,169.0,1.0,218.0,166.0,1.0,157.0,274.0,1.0,207.0,256.0,1.0,369.0,163.0,1.0,421.0,278.0,1.0,371.0,311.0,1.0,294.0,390.0,1.0,234.0,394.0,1.0,351.0,382.0,1.0,272.0,75.0,1.0,307.0,76.0,1.0,251.0,89.0,1.0,329.0,91.0,1.0,0.7110945903006199,2.046499892686273,1.729509051238979,1.9134491638184843
289.0,88.0,1.0,296.0,169.0,1.0,218.0,166.0,1.0,157.0,275.0,1.0,209.0,251.0,1.0,369.0,163.0,1.0,419.0,278.0,1.0,369.0,309.0,1.0,294.0,390.0,1.0,238.0,394.0,1.0,356.0,382.0,1.0,272.0,75.0,1.0,307.0,76.0,1.0,251.0,89.0,1.0,329.0,91.0,1.0,0.6281796369560818,2.042562651041986,1.7156647135919925,1.898916221810202
289.0,88.0,1.0,296.0,169.0,1.0,218.0,166.0,1.0,158.0,275.0,1.0,211.0,247.0,1.0,369.0,163.0,1.0,418.0,279.0,1.0,367.0,312.0,1.0,294.0,390.0,1.0,238.0,394.0,1.0,356.0,382.0,1.0,274.0,73.0,1.0,307.0,76.0,1.0,251.0,89.0,1.0,329.0,91.0,1.0,0.5815690738654353,2.0355490603630737,1.7454230877806303,1.888466950457679
289.0,88.0,1.0,296.0,169.0,1.0,218.0,166.0,1.0,159.0,278.0,1.0,214.0,248.0,1.0,369.0,163.0,1.0,414.0,281.0,1.0,365.0,323.0,1.0,294.0,390.0,1.0,238.0,394.0,1.0,352.0,381.0,1.0,274.0,73.0,1.0,307.0,76.0,1.0,251.0,89.0,1.0,329.0,91.0,1.0,0.5866037585078835,2.0171995833805916,1.9150912816100285,1.8531201985812493
289.0,89.0,1.0,296.0,169.0,1.0,218.0,166.0,1.0,160.0,279.0,1.0,216.0,247.0,1.0,369.0,163.0,1.0,411.0,285.0,1.0,362.0,340.0,1.0,294.0,394.0,1.0,237.0,397.0,1.0,348.0,400.0,1.0,274.0,74.0,1.0,309.0,75.0,1.0,251.0,89.0,1.0,329.0,91.0,1.0,0.5774396161445142,2.006564333177568,2.082268755793881,1.8203430431446492
289.0,90.0,1.0,296.0,169.0,1.0,218.0,166.0,1.0,161.0,279.0,1.0,218.0,247.0,1.0,369.0,163.0,1.0,408.0,289.0,1.0,359.0,359.0,1.0,292.0,394.0,1.0,237.0,397.0,1.0,359.0,395.0,1.0,276.0,73.0,1.0,309.0,76.0,1.0,252.0,88.0,1.0,329.0,92.0,1.0,0.5920590364259237,1.9995348999723763,2.2306955183704726,1.788960052098823
289.0,90.0,1.0,296.0,169.0,1.0,218.0,166.0,1.0,162.0,279.0,1.0,219.0,249.0,1.0,369.0,164.0,1.0,406.0,284.0,1.0,358.0,374.0,1.0,296.0,395.0,1.0,237.0,397.0,1.0,364.0,398.0,1.0,276.0,73.0,1.0,309.0,76.0,1.0,252.0,88.0,1.0,329.0,92.0,1.0,0.6262168731841057,1.9924552613474762,2.352550915723107,1.801494394817351
289.0,90.0,1.0,296.0,169.0,1.0,218.0,166.0,1.0,162.0,279.0,1.0,218.0,252.0,1.0,369.0,165.0,1.0,403.0,288.0,1.0,359.0,383.0,1.0,298.0,404.0,1.0,237.0,401.0,1.0,367.0,405.0,1.0,276.0,73.0,1.0,309.0,76.0,1.0,252.0,88.0,1.0,329.0,92.0,1.0,0.6614346896092487,1.9924552613474762,2.4381621942548373,1.785745008485929
289.0,90.0,1.0,296.0,169.0,1.0,218.0,166.0,1.0,162.0,279.0,1.0,216.0,254.0,1.0,369.0,165.0,1.0,403.0,290.0,1.0,361.0,390.0,1.0,296.0,406.0,1.0,236.0,405.0,1.0,358.0,408.0,1.0,276.0,73.0,1.0,309.0,76.0,1.0,252.0,88.0,1.0,329.0,92.0,1.0,0.6771133182693672,1.9924552613474762,2.4783896608837,1.7816315479289797
289.0,89.0,1.0,296.0,169.0,1.0,218.0,166.0,1.0,162.0,278.0,1.0,214.0,252.0,1.0,369.0,165.0,1.0,403.0,290.0,1.0,362.0,390.0,1.0,298.0,406.0,1.0,236.0,405.0,1.0,359.0,407.0,1.0,276.0,72.0,1.0,309.0,76.0,1.0,252.0,87.0,1.0,329.0,92.0,1.0,0.6435011087932845,1.996001345774515,2.486920421350551,1.7816315479289797
289.0,88.0,1.0,296.0,169.0,1.0,218.0,166.0,1.0,161.0,276.0,1.0,212.0,246.0,1.0,369.0,165.0,1.0,403.0,290.0,1.0,362.0,388.0,1.0,296.0,405.0,1.0,236.0,405.0,1.0,358.0,407.0,1.0,276.0,72.0,1.0,309.0,76.0,1.0,252.0,87.0,1.0,329.0,91.0,1.0,0.5609852209325191,2.0104407753772806,2.4797783077953053,1.7816315479289797
289.0,88.0,1.0,296.0,169.0,1.0,218.0,166.0,1.0,160.0,277.0,1.0,210.0,238.0,1.0,367.0,166.0,1.0,404.0,289.0,1.0,360.0,383.0,1.0,294.0,404.0,1.0,236.0,405.0,1.0,358.0,407.0,1.0,276.0,71.0,1.0,309.0,76.0,1.0,252.0,87.0,1.0,329.0,91.0,1.0,0.42686717882138697,2.013856590914067,2.4115988434534983,1.8207704311766433
288.0,88.0,1.0,296.0,169.0,1.0,218.0,166.0,1.0,158.0,278.0,1.0,209.0,230.0,1.0,367.0,165.0,1.0,404.0,288.0,1.0,358.0,379.0,1.0,300.0,398.0,1.0,236.0,405.0,1.0,368.0,402.0,1.0,276.0,71.0,1.0,308.0,76.0,1.0,252.0,87.0,1.0,329.0,91.0,1.0,0.32388274732752503,2.0241629127624075,2.3813566013054466,1.806720297000883
287.0,88.0,1.0,296.0,169.0,1.0,218.0,165.0,1.0,158.0,277.0,1.0,209.0,227.0,1.0,367.0,164.0,1.0,404.0,286.0,1.0,359.0,369.0,1.0,294.0,395.0,1.0,236.0,394.0,1.0,363.0,396.0,1.0,275.0,71.0,1.0,307.0,76.0,1.0,252.0,87.0,1.0,329.0,91.0,1.0,0.3034896539967385,2.0113683353801766,2.350319807452316,1.7949519073103788
287.0,88.0,1.0,296.0,169.0,1.0,219.0,163.0,1.0,159.0,280.0,1.0,209.0,225.0,1.0,367.0,164.0,1.0,406.0,287.0,1.0,359.0,361.0,1.0,296.0,384.0,1.0,236.0,391.0,1.0,356.0,380.0,1.0,275.0,71.0,1.0,307.0,76.0,1.0,252.0,87.0,1.0,329.0,91.0,1.0,0.2639637236257044,1.9668827236869246,2.268692594462943,1.8075355946950629
287.0,88.0,1.0,296.0,169.0,1.0,219.0,163.0,1.0,160.0,281.0,1.0,209.0,226.0,1.0,365.0,164.0,1.0,407.0,288.0,1.0,360.0,354.0,1.0,296.0,398.0,1.0,235.0,395.0,1.0,360.0,400.0,1.0,275.0,71.0,1.0,305.0,75.0,1.0,252.0,87.0,1.0,329.0,91.0,1.0,0.2641221269191687,1.9566789961929705,2.1961964521614896,1.8250404309469201
287.0,88.0,1.0,296.0,169.0,1.0,220.0,165.0,1.0,161.0,282.0,1.0,210.0,231.0,1.0,365.0,164.0,1.0,408.0,286.0,1.0,361.0,350.0,1.0,294.0,396.0,1.0,235.0,395.0,1.0,356.0,399.0,1.0,273.0,71.0,1.0,305.0,75.0,1.0,252.0,87.0,1.0,329.0,91.0,1.0,0.2983402643919533,1.9852738302162993,2.169302972606872,1.837322794270078
287.0,89.0,1.0,296.0,169.0,1.0,220.0,171.0,1.0,163.0,284.0,1.0,214.0,237.0,1.0,365.0,164.0,1.0,408.0,286.0,1.0,363.0,351.0,1.0,294.0,400.0,1.0,235.0,398.0,1.0,348.0,406.0,1.0,273.0,72.0,1.0,305.0,76.0,1.0,252.0,88.0,1.0,329.0,91.0,1.0,0.3590106830666463,2.0642872072464864,2.1971841919710466,1.837322794270078
287.0,90.0,1.0,296.0,169.0,1.0,217.0,169.0,1.0,165.0,284.0,1.0,217.0,249.0,1.0,365.0,165.0,1.0,408.0,288.0,1.0,365.0,358.0,1.0,296.0,397.0,1.0,235.0,398.0,1.0,362.0,394.0,1.0,273.0,73.0,1.0,305.0,77.0,1.0,252.0,89.0,1.0,329.0,91.0,1.0,0.5537086908132447,1.99545660934467,2.254422487268696,1.8492027533361701
287.0,91.0,1.0,296.0,169.0,1.0,217.0,170.0,1.0,163.0,280.0,1.0,220.0,263.0,1.0,365.0,166.0,1.0,406.0,288.0,1.0,366.0,367.0,1.0,295.0,398.0,1.0,236.0,401.0,1.0,360.0,400.0,1.0,273.0,74.0,1.0,306.0,76.0,1.0,251.0,88.0,1.0,329.0,91.0,1.0,0.824601368326168,2.0398023471860576,2.348687030570446,1.8515529833128341
287.0,91.0,1.0,296.0,170.0,1.0,218.0,171.0,1.0,165.0,283.0,1.0,220.0,269.0,1.0,365.0,167.0,1.0,404.0,292.0,1.0,369.0,378.0,1.0,296.0,406.0,1.0,235.0,405.0,1.0,354.0,408.0,1.0,273.0,74.0,1.0,306.0,76.0,1.0,251.0,88.0,1.0,329.0,92.0,1.0,0.8795538395733908,2.0256064831040894,2.4526570609349863,1.8297747189442528
287.0,91.0,1.0,296.0,171.0,1.0,218.0,171.0,1.0,165.0,283.0,1.0,219.0,268.0,1.0,365.0,168.0,1.0,402.0,295.0,1.0,369.0,388.0,1.0,290.0,404.0,1.0,235.0,405.0,1.0,346.0,404.0,1.0,273.0,74.0,1.0,306.0,76.0,1.0,251.0,88.0,1.0,329.0,92.0,1.0,0.857859130620184,2.0127866726311887,2.517121979747989,1.8108371517488209
287.0,91.0,1.0,296.0,172.0,1.0,218.0,171.0,1.0,164.0,281.0,1.0,216.0,261.0,1.0,364.0,169.0,1.0,401.0,297.0,1.0,367.0,393.0,1.0,290.0,404.0,1.0,235.0,405.0,1.0,351.0,404.0,1.0,273.0,74.0,1.0,306.0,76.0,1.0,251.0,88.0,1.0,329.0,92.0,1.0,0.7472740244195685,2.014324984879105,2.519818282298708,1.8080997020460032
287.0,91.0,1.0,296.0,172.0,1.0,218.0,171.0,1.0,163.0,278.0,1.0,212.0,252.0,1.0,364.0,169.0,1.0,400.0,298.0,1.0,366.0,392.0,1.0,291.0,401.0,1.0,235.0,402.0,1.0,347.0,402.0,1.0,273.0,73.0,1.0,306.0,76.0,1.0,251.0,88.0,1.0,329.0,92.0,1.0,0.6081603251088338,2.0327760793484164,2.5223851595191156,1.798853159928012
286.0,91.0,1.0,296.0,170.0,1.0,218.0,171.0,1.0,161.0,278.0,1.0,208.0,244.0,1.0,364.0,170.0,1.0,401.0,298.0,1.0,365.0,391.0,1.0,289.0,405.0,1.0,234.0,404.0,1.0,343.0,406.0,1.0,272.0,73.0,1.0,306.0,76.0,1.0,251.0,88.0,1.0,329.0,92.0,1.0,0.4550627642629025,2.073088262201037,2.490866563266989,1.8521887594440751
285.0,91.0,1.0,296.0,170.0,1.0,218.0,171.0,1.0,158.0,278.0,1.0,205.0,236.0,1.0,364.0,170.0,1.0,401.0,298.0,1.0,363.0,389.0,1.0,290.0,405.0,1.0,233.0,404.0,1.0,345.0,405.0,1.0,271.0,73.0,1.0,304.0,75.0,1.0,251.0,88.0,1.0,329.0,92.0,1.0,0.3304616342005777,2.094673449165844,2.464629070197808,1.8521887594440751
285.0,91.0,1.0,296.0,170.0,1.0,218.0,171.0,1.0,155.0,276.0,1.0,202.0,229.0,1.0,364.0,170.0,1.0,401.0,297.0,1.0,361.0,385.0,1.0,290.0,406.0,1.0,233.0,404.0,1.0,350.0,408.0,1.0,271.0,73.0,1.0,304.0,75.0,1.0,251.0,88.0,1.0,329.0,92.0,1.0,0.24497866312686378,2.1240356375383813,2.431473440117462,1.8542880471403516
284.0,89.0,1.0,296.0,170.0,1.0,217.0,165.0,1.0,153.0,277.0,1.0,201.0,225.0,1.0,364.0,170.0,1.0,401.0,296.0,1.0,359.0,380.0,1.0,298.0,404.0,1.0,233.0,404.0,1.0,364.0,410.0,1.0,271.0,73.0,1.0,304.0,75.0,1.0,251.0,88.0,1.0,329.0,92.0,1.0,0.22627336202763457,2.0267356091439592,2.3923233407051203,1.8564180306787632
284.0,89.0,1.0,296.0,170.0,1.0,219.0,164.0,1.0,151.0,276.0,1.0,201.0,219.0,1.0,364.0,170.0,1.0,400.0,294.0,1.0,358.0,371.0,1.0,293.0,401.0,1.0,234.0,401.0,1.0,359.0,406.0,1.0,271.0,73.0,1.0,304.0,75.0,1.0,251.0,88.0,1.0,329.0,92.0,1.0,0.17441563924710463,2.038686441719156,2.3596909794400758,1.8533512792644842
284.0,89.0,1.0,294.0,169.0,1.0,219.0,164.0,1.0,150.0,276.0,1.0,202.0,215.0,1.0,364.0,170.0,1.0,401.0,294.0,1.0,355.0,365.0,1.0,294.0,390.0,1.0,234.0,397.0,1.0,356.0,384.0,1.0,271.0,73.0,1.0,304.0,75.0,1.0,251.0,88.0,1.0,329.0,92.0,1.0,0.15376692833373914,2.0563811534745766,2.276727641660469,1.8750574800415254
284.0,89.0,1.0,294.0,169.0,1.0,219.0,165.0,1.0,150.0,276.0,1.0,203.0,213.0,1.0,364.0,170.0,1.0,401.0,291.0,1.0,354.0,358.0,1.0,296.0,396.0,1.0,234.0,397.0,1.0,358.0,394.0,1.0,271.0,73.0,1.0,304.0,75.0,1.0,251.0,88.0,1.0,329.0,92.0,1.0,0.14323764208275558,2.0736797053556573,2.233109927756197,1.8818368301600152
284.0,89.0,1.0,294.0,169.0,1.0,220.0,165.0,1.0,151.0,277.0,1.0,205.0,215.0,1.0,364.0,169.0,1.0,401.0,288.0,1.0,353.0,350.0,1.0,296.0,394.0,1.0,235.0,397.0,1.0,357.0,395.0,1.0,271.0,73.0,1.0,304.0,75.0,1.0,251.0,88.0,1.0,329.0,91.0,1.0,0.16438868364089979,2.068947816874432,2.181337841934893,1.8722451023323203
284.0,89.0,1.0,294.0,169.0,1.0,220.0,169.0,1.0,153.0,279.0,1.0,206.0,221.0,1.0,364.0,169.0,1.0,402.0,285.0,1.0,351.0,343.0,1.0,296.0,396.0,1.0,235.0,397.0,1.0,352.0,390.0,1.0,271.0,73.0,1.0,304.0,75.0,1.0,251.0,88.0,1.0,329.0,91.0,1.0,0.19330635610729505,2.1178735183105237,2.1037573515813732,1.8873655804073002
284.0,89.0,1.0,294.0,169.0,1.0,217.0,167.0,1.0,155.0,281.0,1.0,207.0,233.0,1.0,364.0,169.0,1.0,403.0,283.0,1.0,354.0,334.0,1.0,296.0,393.0,1.0,235.0,397.0,1.0,353.0,386.0,1.0,271.0,73.0,1.0,304.0,75.0,1.0,251.0,88.0,1.0,329.0,91.0,1.0,0.32726014052042407,2.0429448495836544,2.0465674167447525,1.9004207342156394
284.0,90.0,1.0,294.0,169.0,1.0,217.0,168.0,1.0,157.0,284.0,1.0,208.0,251.0,1.0,364.0,169.0,1.0,404.0,281.0,1.0,355.0,328.0,1.0,296.0,393.0,1.0,234.0,397.0,1.0,356.0,388.0,1.0,271.0,74.0,1.0,304.0,75.0,1.0,250.0,87.0,1.0,329.0,91.0,1.0,0.519146114246523,2.035155426248396,1.9923402297354245,1.9138202672156
284.0,91.0,1.0,294.0,169.0,1.0,217.0,168.0,1.0,157.0,280.0,1.0,213.0,270.0,1.0,364.0,169.0,1.0,407.0,283.0,1.0,353.0,323.0,1.0,297.0,397.0,1.0,235.0,402.0,1.0,358.0,392.0,1.0,271.0,75.0,1.0,302.0,75.0,1.0,250.0,88.0,1.0,329.0,91.0,1.0,0.9022782947361614,2.049619219863423,1.847653227439908,1.931488224288578
284.0,92.0,1.0,294.0,169.0,1.0,217.0,169.0,1.0,165.0,276.0,1.0,224.0,284.0,1.0,364.0,169.0,1.0,407.0,282.0,1.0,356.0,318.0,1.0,297.0,397.0,1.0,235.0,402.0,1.0,358.0,392.0,1.0,271.0,76.0,1.0,302.0,75.0,1.0,250.0,89.0,1.0,329.0,91.0,1.0,1.253197719610217,2.023166218457307,1.8218483751904306,1.9344072303215278
284.0,93.0,1.0,295.0,169.0,1.0,217.0,170.0,1.0,166.0,279.0,1.0,223.0,305.0,1.0,365.0,169.0,1.0,407.0,281.0,1.0,356.0,315.0,1.0,300.0,397.0,1.0,240.0,403.0,1.0,358.0,392.0,1.0,271.0,77.0,1.0,302.0,76.0,1.0,250.0,90.0,1.0,329.0,91.0,1.0,1.5611136475759457,2.0212473128082302,1.800028260071892,1.9295669970654687
285.0,93.0,1.0,296.0,169.0,1.0,217.0,170.0,1.0,165.0,282.0,1.0,220.0,318.0,1.0,366.0,168.0,1.0,407.0,281.0,1.0,356.0,314.0,1.0,300.0,408.0,1.0,242.0,407.0,1.0,360.0,404.0,1.0,272.0,77.0,1.0,303.0,76.0,1.0,250.0,90.0,1.0,329.0,91.0,1.0,1.715690096938975,2.0181240937781935,1.797040885320034,1.9045718558570643
286.0,93.0,1.0,296.0,169.0,1.0,217.0,170.0,1.0,164.0,281.0,1.0,216.0,318.0,1.0,366.0,168.0,1.0,408.0,281.0,1.0,357.0,314.0,1.0,298.0,398.0,1.0,242.0,407.0,1.0,360.0,400.0,1.0,273.0,77.0,1.0,304.0,76.0,1.0,250.0,90.0,1.0,329.0,91.0,1.0,1.743756527239588,2.0289216725567765,1.7892430998220163,1.912369641355082
289.0,91.0,1.0,296.0,169.0,1.0,217.0,170.0,1.0,163.0,279.0,1.0,211.0,309.0,1.0,366.0,168.0,1.0,409.0,280.0,1.0,358.0,314.0,1.0,298.0,398.0,1.0,242.0,405.0,1.0,360.0,396.0,1.0,274.0,77.0,1.0,305.0,76.0,1.0,251.0,90.0,1.0,330.0,91.0,1.0,1.6694244871617627,2.043425033605645,1.7922235404982856,1.9230869740516787
290.0,91.0,1.0,296.0,169.0,1.0,217.0,170.0,1.0,163.0,275.0,1.0,207.0,298.0,1.0,366.0,168.0,1.0,409.0,279.0,1.0,359.0,314.0,1.0,298.0,388.0,1.0,240.0,392.0,1.0,358.0,382.0,1.0,275.0,77.0,1.0,306.0,76.0,1.0,251.0,90.0,1.0,330.0,91.0,1.0,1.5774492480846614,2.0584646348940456,1.8119359168112854,1.9260979585803197
291.0,91.0,1.0,296.0,169.0,1.0,217.0,170.0,1.0,164.0,272.0,1.0,204.0,285.0,1.0,366.0,167.0,1.0,410.0,278.0,1.0,360.0,313.0,1.0,298.0,388.0,1.0,240.0,392.0,1.0,358.0,382.0,1.0,276.0,77.0,1.0,307.0,76.0,1.0,251.0,90.0,1.0,330.0,91.0,1.0,1.4058176711414172,2.0626644333667663,1.8041263239476804,1.9196286361925614
292.0,91.0,1.0,296.0,169.0,1.0,217.0,170.0,1.0,161.0,272.0,1.0,201.0,274.0,1.0,365.0,167.0,1.0,410.0,278.0,1.0,361.0,311.0,1.0,298.0,388.0,1.0,240.0,392.0,1.0,358.0,382.0,1.0,277.0,77.0,1.0,308.0,76.0,1.0,251.0,90.0,1.0,330.0,91.0,1.0,1.1186645234948454,2.0855440776509426,1.7783362251664852,1.9269764393068094
292.0,91.0,1.0,296.0,169.0,1.0,217.0,170.0,1.0,155.0,276.0,1.0,201.0,262.0,1.0,365.0,167.0,1.0,411.0,277.0,1.0,362.0,309.0,1.0,298.0,388.0,1.0,238.0,394.0,1.0,358.0,382.0,1.0,277.0,77.0,1.0,308.0,76.0,1.0,251.0,90.0,1.0,330.0,91.0,1.0,0.7461087088193318,2.1127006594607933,1.7532390996482945,1.9379003745076429
292.0,91.0,1.0,296.0,169.0,1.0,217.0,170.0,1.0,155.0,277.0,1.0,201.0,256.0,1.0,365.0,167.0,1.0,412.0,276.0,1.0,362.0,307.0,1.0,298.0,388.0,1.0,238.0,394.0,1.0,358.0,382.0,1.0,277.0,77.0,1.0,308.0,76.0,1.0,251.0,90.0,1.0,330.0,91.0,1.0,0.6173680781595603,2.1086179743876303,1.7186878820774947,1.948923104999324
292.0,91.0,1.0,296.0,169.0,1.0,217.0,170.0,1.0,155.0,278.0,1.0,203.0,248.0,1.0,365.0,167.0,1.0,413.0,276.0,1.0,363.0,305.0,1.0,298.0,388.0,1.0,238.0,394.0,1.0,358.0,382.0,1.0,277.0,77.0,1.0,308.0,76.0,1.0,251.0,90.0,1.0,330.0,91.0,1.0,0.491058867967216,2.1045920221130667,1.6815658372254465,1.9566332160643953
292.0,91.0,1.0,296.0,169.0,1.0,217.0,170.0,1.0,155.0,277.0,1.0,204.0,245.0,1.0,365.0,167.0,1.0,413.0,276.0,1.0,364.0,304.0,1.0,298.0,388.0,1.0,238.0,394.0,1.0,358.0,382.0,1.0,277.0,77.0,1.0,308.0,76.0,1.0,251.0,90.0,1.0,330.0,91.0,1.0,0.46710801661850954,2.1086179743876303,1.6751281579203594,1.9566332160643953
292.0,91.0,1.0,296.0,169.0,1.0,217.0,170.0,1.0,156.0,277.0,1.0,208.0,244.0,1.0,365.0,167.0,1.0,413.0,276.0,1.0,364.0,305.0,1.0,298.0,388.0,1.0,238.0,394.0,1.0,358.0,382.0,1.0,277.0,77.0,1.0,308.0,76.0,1.0,251.0,90.0,1.0,330.0,91.0,1.0,0.48717337339853467,2.101592943870486,1.6903775204282503,1.9566332160643953
292.0,91.0,1.0,296.0,169.0,1.0,217.0,170.0,1.0,158.0,278.0,1.0,210.0,244.0,1.0,365.0,167.0,1.0,413.0,277.0,1.0,364.0,306.0,1.0,298.0,388.0,1.0,238.0,394.0,1.0,358.0,382.0,1.0,277.0,77.0,1.0,308.0,76.0,1.0,251.0,90.0,1.0,330.0,91.0,1.0,0.49172682740733914,2.083449108648775,1.693735560135608,1.9532751763570375
292.0,91.0,1.0,296.0,169.0,1.0,217.0,170.0,1.0,160.0,280.0,1.0,212.0,249.0,1.0,365.0,167.0,1.0,413.0,278.0,1.0,364.0,308.0,1.0,298.0,388.0,1.0,238.0,394.0,1.0,358.0,382.0,1.0,277.0,77.0,1.0,308.0,76.0,1.0,251.0,90.0,1.0,330.0,91.0,1.0,0.555122641532578,2.0615409172325205,1.7120217078113582,1.9499680366984247
292.0,91.0,1.0,296.0,169.0,1.0,217.0,170.0,1.0,162.0,282.0,1.0,213.0,260.0,1.0,365.0,168.0,1.0,413.0,279.0,1.0,365.0,310.0,1.0,298.0,388.0,1.0,238.0,394.0,1.0,358.0,382.0,1.0,277.0,77.0,1.0,308.0,76.0,1.0,251.0,90.0,1.0,330.0,91.0,1.0,0.7070612057163357,2.0399331516326624,1.7360877491946363,1.964453691484486
292.0,91.0,1.0,296.0,169.0,1.0,217.0,170.0,1.0,165.0,282.0,1.0,214.0,276.0,1.0,365.0,169.0,1.0,414.0,280.0,1.0,366.0,312.0,1.0,298.0,388.0,1.0,238.0,394.0,1.0,354.0,384.0,1.0,277.0,77.0,1.0,308.0,76.0,1.0,251.0,90.0,1.0,330.0,91.0,1.0,1.0142836746257347,2.0181240937781935,1.7430850557403172,1.9865102013970435
292.0,91.0,1.0,296.0,169.0,1.0,217.0,171.0,1.0,167.0,278.0,1.0,215.0,290.0,1.0,366.0,169.0,1.0,414.0,280.0,1.0,367.0,313.0,1.0,298.0,388.0,1.0,238.0,394.0,1.0,352.0,382.0,1.0,279.0,75.0,1.0,308.0,76.0,1.0,251.0,90.0,1.0,330.0,91.0,1.0,1.3786363212014234,2.0332460446580822,1.7747997199848906,1.9789454305499858
292.0,91.0,1.0,296.0,169.0,1.0,217.0,172.0,1.0,164.0,283.0,1.0,217.0,301.0,1.0,367.0,169.0,1.0,414.0,280.0,1.0,368.0,314.0,1.0,298.0,388.0,1.0,238.0,394.0,1.0,352.0,382.0,1.0,279.0,75.0,1.0,308.0,76.0,1.0,251.0,90.0,1.0,330.0,91.0,1.0,1.4527287446672952,2.054220565911039,1.8067700271970617,1.9713308421806826
292.0,91.0,1.0,296.0,169.0,1.0,217.0,172.0,1.0,165.0,282.0,1.0,218.0,307.0,1.0,367.0,169.0,1.0,414.0,280.0,1.0,369.0,314.0,1.0,298.0,388.0,1.0,238.0,394.0,1.0,355.0,382.0,1.0,279.0,75.0,1.0,308.0,76.0,1.0,251.0,90.0,1.0,330.0,91.0,1.0,1.5699548122670275,2.0503451342905024,1.8173090046294338,1.9713308421806826
292.0,91.0,1.0,296.0,169.0,1.0,217.0,172.0,1.0,165.0,281.0,1.0,216.0,302.0,1.0,367.0,169.0,1.0,414.0,280.0,1.0,370.0,314.0,1.0,297.0,385.0,1.0,238.0,394.0,1.0,356.0,382.0,1.0,279.0,75.0,1.0,308.0,76.0,1.0,251.0,90.0,1.0,330.0,91.0,1.0,1.5162721635597862,2.053883978916008,1.8281504165913207,1.9713308421806826
292.0,91.0,1.0,296.0,169.0,1.0,217.0,172.0,1.0,166.0,279.0,1.0,212.0,291.0,1.0,367.0,169.0,1.0,415.0,280.0,1.0,371.0,313.0,1.0,297.0,385.0,1.0,238.0,394.0,1.0,353.0,380.0,1.0,279.0,75.0,1.0,308.0,75.0,1.0,252.0,88.0,1.0,330.0,91.0,1.0,1.3811967944365797,2.0535346949623463,1.8061483318330918,1.9789454305499858
292.0,91.0,1.0,296.0,169.0,1.0,217.0,172.0,1.0,166.0,276.0,1.0,208.0,279.0,1.0,367.0,169.0,1.0,415.0,279.0,1.0,371.0,312.0,1.0,297.0,385.0,1.0,238.0,394.0,1.0,353.0,380.0,1.0,279.0,75.0,1.0,308.0,75.0,1.0,252.0,88.0,1.0,330.0,91.0,1.0,1.1861780368206423,2.064678526742756,1.8028411921744787,1.982252570208599
291.0,91.0,1.0,295.0,169.0,1.0,217.0,172.0,1.0,159.0,280.0,1.0,206.0,266.0,1.0,366.0,167.0,1.0,415.0,279.0,1.0,370.0,310.0,1.0,297.0,385.0,1.0,238.0,394.0,1.0,353.0,380.0,1.0,278.0,75.0,1.0,310.0,74.0,1.0,252.0,88.0,1.0,330.0,91.0,1.0,0.7884562578399077,2.1020753138096855,1.7616157381221942,1.9550452014043915
290.0,91.0,1.0,295.0,169.0,1.0,217.0,171.0,1.0,158.0,276.0,1.0,204.0,257.0,1.0,366.0,167.0,1.0,415.0,278.0,1.0,368.0,306.0,1.0,297.0,388.0,1.0,238.0,394.0,1.0,353.0,380.0,1.0,277.0,75.0,1.0,309.0,74.0,1.0,252.0,88.0,1.0,330.0,91.0,1.0,0.6671592110502688,2.1083689116237783,1.6923671664935214,1.9583486344091512
292.0,90.0,1.0,295.0,169.0,1.0,217.0,171.0,1.0,156.0,276.0,1.0,204.0,247.0,1.0,366.0,167.0,1.0,415.0,277.0,1.0,366.0,302.0,1.0,297.0,388.0,1.0,237.0,394.0,1.0,354.0,383.0,1.0,277.0,75.0,1.0,308.0,74.0,1.0,252.0,88.0,1.0,330.0,91.0,1.0,0.501022586463815,2.122727880934612,1.6235063382758261,1.9617022595068248
292.0,90.0,1.0,295.0,169.0,1.0,217.0,171.0,1.0,155.0,277.0,1.0,205.0,243.0,1.0,366.0,167.0,1.0,414.0,276.0,1.0,363.0,297.0,1.0,297.0,388.0,1.0,237.0,394.0,1.0,356.0,385.0,1.0,277.0,75.0,1.0,308.0,74.0,1.0,252.0,88.0,1.0,330.0,91.0,1.0,0.4443728878703742,2.125678516148419,1.5465890873715233,1.9574490429280644
292.0,90.0,1.0,295.0,169.0,1.0,217.0,171.0,1.0,155.0,276.0,1.0,207.0,238.0,1.0,366.0,167.0,1.0,414.0,279.0,1.0,360.0,294.0,1.0,298.0,391.0,1.0,239.0,396.0,1.0,357.0,388.0,1.0,277.0,75.0,1.0,308.0,74.0,1.0,253.0,88.0,1.0,330.0,91.0,1.0,0.4063296719351627,2.1298190027049793,1.4368513908482337,1.9475265460920876
292.0,90.0,1.0,295.0,169.0,1.0,217.0,171.0,1.0,156.0,276.0,1.0,209.0,236.0,1.0,366.0,167.0,1.0,412.0,281.0,1.0,357.0,296.0,1.0,298.0,391.0,1.0,239.0,396.0,1.0,357.0,388.0,1.0,277.0,75.0,1.0,309.0,74.0,1.0,254.0,88.0,1.0,331.0,91.0,1.0,0.3979870332996236,2.122727880934612,1.4535208599888303,1.926162275763996
292.0,90.0,1.0,295.0,169.0,1.0,218.0,171.0,1.0,159.0,278.0,1.0,210.0,237.0,1.0,366.0,167.0,1.0,409.0,284.0,1.0,352.0,303.0,1.0,298.0,391.0,1.0,239.0,396.0,1.0,357.0,388.0,1.0,278.0,75.0,1.0,309.0,74.0,1.0,255.0,88.0,1.0,332.0,91.0,1.0,0.3897498893884985,2.1006833788758583,1.5403488862257255,1.8948327547728177
292.0,90.0,1.0,295.0,169.0,1.0,218.0,171.0,1.0,160.0,279.0,1.0,211.0,241.0,1.0,366.0,167.0,1.0,406.0,287.0,1.0,349.0,318.0,1.0,298.0,391.0,1.0,242.0,394.0,1.0,358.0,384.0,1.0,278.0,75.0,1.0,309.0,74.0,1.0,255.0,88.0,1.0,332.0,91.0,1.0,0.4376034647304535,2.0896009110000535,1.7471624823985685,1.8643853142036464
292.0,90.0,1.0,295.0,169.0,1.0,218.0,171.0,1.0,162.0,280.0,1.0,212.0,248.0,1.0,366.0,167.0,1.0,402.0,289.0,1.0,346.0,335.0,1.0,298.0,391.0,1.0,241.0,397.0,1.0,358.0,384.0,1.0,278.0,75.0,1.0,309.0,74.0,1.0,255.0,88.0,1.0,332.0,91.0,1.0,0.5268870590653311,2.0713605906353565,1.9715288299028568,1.8295735127377737
292.0,90.0,1.0,295.0,169.0,1.0,218.0,171.0,1.0,164.0,282.0,1.0,212.0,257.0,1.0,366.0,168.0,1.0,397.0,291.0,1.0,343.0,350.0,1.0,295.0,394.0,1.0,239.0,401.0,1.0,360.0,394.0,1.0,278.0,75.0,1.0,309.0,74.0,1.0,255.0,88.0,1.0,332.0,91.0,1.0,0.6378428253678337,2.049542985829989,2.1535227279021223,1.8036034576579116
292.0,89.0,1.0,295.0,169.0,1.0,218.0,171.0,1.0,166.0,281.0,1.0,211.0,264.0,1.0,366.0,169.0,1.0,395.0,295.0,1.0,341.0,362.0,1.0,296.0,388.0,1.0,238.0,397.0,1.0,360.0,380.0,1.0,278.0,75.0,1.0,309.0,74.0,1.0,255.0,86.0,1.0,332.0,91.0,1.0,0.7680002089939236,2.038356876313744,2.237002825267821,1.7970154647687948
292.0,88.0,1.0,295.0,169.0,1.0,218.0,171.0,1.0,166.0,281.0,1.0,209.0,265.0,1.0,366.0,169.0,1.0,393.0,298.0,1.0,340.0,371.0,1.0,298.0,378.0,1.0,238.0,386.0,1.0,362.0,374.0,1.0,278.0,74.0,1.0,309.0,73.0,1.0,255.0,86.0,1.0,332.0,91.0,1.0,0.7729843090914549,2.038356876313744,2.307287468889218,1.7771202208246142
292.0,87.0,1.0,295.0,169.0,1.0,218.0,171.0,1.0,164.0,279.0,1.0,207.0,260.0,1.0,366.0,169.0,1.0,393.0,300.0,1.0,340.0,376.0,1.0,302.0,380.0,1.0,238.0,386.0,1.0,362.0,374.0,1.0,278.0,74.0,1.0,309.0,73.0,1.0,255.0,86.0,1.0,332.0,91.0,1.0,0.691084212070268,2.060412123007259,2.3293744387147806,1.774056922033401
292.0,86.0,1.0,294.0,169.0,1.0,218.0,171.0,1.0,160.0,275.0,1.0,205.0,251.0,1.0,366.0,169.0,1.0,394.0,299.0,1.0,341.0,377.0,1.0,302.0,381.0,1.0,238.0,386.0,1.0,363.0,375.0,1.0,278.0,73.0,1.0,309.0,72.0,1.0,255.0,85.0,1.0,332.0,91.0,1.0,0.5721091762256152,2.105835868363372,2.332622996599617,1.7829400797993722
289.0,86.0,1.0,294.0,169.0,1.0,219.0,169.0,1.0,158.0,276.0,1.0,203.0,239.0,1.0,366.0,169.0,1.0,396.0,299.0,1.0,342.0,378.0,1.0,300.0,379.0,1.0,238.0,386.0,1.0,358.0,366.0,1.0,277.0,72.0,1.0,308.0,71.0,1.0,255.0,85.0,1.0,332.0,91.0,1.0,0.36451229640747673,2.0889353920364337,2.3151975185668894,1.7975951748487824
288.0,86.0,1.0,294.0,169.0,1.0,218.0,169.0,1.0,156.0,277.0,1.0,202.0,226.0,1.0,366.0,169.0,1.0,397.0,298.0,1.0,342.0,376.0,1.0,300.0,379.0,1.0,238.0,383.0,1.0,358.0,365.0,1.0,276.0,72.0,1.0,307.0,71.0,1.0,254.0,85.0,1.0,332.0,91.0,1.0,0.2127592089621048,2.091934470279015,2.291595076426714,1.8066344766659654
287.0,86.0,1.0,294.0,169.0,1.0,218.0,168.0,1.0,154.0,276.0,1.0,201.0,214.0,1.0,366.0,169.0,1.0,398.0,297.0,1.0,342.0,371.0,1.0,295.0,377.0,1.0,238.0,383.0,1.0,359.0,360.0,1.0,275.0,72.0,1.0,307.0,71.0,1.0,254.0,85.0,1.0,332.0,91.0,1.0,0.11368737788044664,2.092594265108237,2.248802563535831,1.8157749899217608
287.0,86.0,1.0,294.0,169.0,1.0,220.0,165.0,1.0,153.0,278.0,1.0,200.0,205.0,1.0,366.0,169.0,1.0,397.0,295.0,1.0,342.0,364.0,1.0,298.0,378.0,1.0,238.0,383.0,1.0,360.0,370.0,1.0,275.0,72.0,1.0,307.0,71.0,1.0,254.0,85.0,1.0,332.0,91.0,1.0,0.0368319056258339,2.051992442038736,2.2273812582384718,1.8120366895789601
287.0,86.0,1.0,294.0,168.0,1.0,220.0,162.0,1.0,152.0,277.0,1.0,199.0,199.0,1.0,366.0,169.0,1.0,398.0,293.0,1.0,342.0,356.0,1.0,296.0,392.0,1.0,236.0,394.0,1.0,358.0,390.0,1.0,275.0,72.0,1.0,307.0,71.0,1.0,254.0,85.0,1.0,332.0,91.0,1.0,0.008301634043997221,2.023893330811265,2.162396037130008,1.8372385985039232
287.0,86.0,1.0,294.0,168.0,1.0,220.0,163.0,1.0,151.0,277.0,1.0,198.0,199.0,1.0,366.0,169.0,1.0,399.0,291.0,1.0,342.0,348.0,1.0,296.0,394.0,1.0,236.0,394.0,1.0,358.0,390.0,1.0,275.0,72.0,1.0,307.0,71.0,1.0,254.0,85.0,1.0,332.0,91.0,1.0,0.0019777477303243927,2.047611787218972,2.0920243256116873,1.8488544873065216
287.0,86.0,1.0,294.0,168.0,1.0,220.0,163.0,1.0,151.0,277.0,1.0,198.0,198.0,1.0,366.0,169.0,1.0,400.0,287.0,1.0,342.0,342.0,1.0,296.0,394.0,1.0,236.0,394.0,1.0,352.0,390.0,1.0,275.0,72.0,1.0,307.0,71.0,1.0,254.0,85.0,1.0,332.0,91.0,1.0,0.007592310642058219,2.047611787218972,2.0491152607026257,1.8652211144641857
287.0,86.0,1.0,294.0,168.0,1.0,220.0,165.0,1.0,152.0,278.0,1.0,199.0,199.0,1.0,366.0,169.0,1.0,400.0,287.0,1.0,342.0,341.0,1.0,296.0,394.0,1.0,236.0,394.0,1.0,352.0,390.0,1.0,275.0,72.0,1.0,307.0,71.0,1.0,254.0,85.0,1.0,332.0,91.0,1.0,0.00503171535069938,2.071997863971177,2.039958585774699,1.8652211144641857
287.0,86.0,1.0,294.0,168.0,1.0,222.0,168.0,1.0,153.0,279.0,1.0,200.0,203.0,1.0,366.0,169.0,1.0,400.0,288.0,1.0,343.0,345.0,1.0,296.0,394.0,1.0,236.0,394.0,1.0,352.0,390.0,1.0,275.0,72.0,1.0,307.0,70.0,1.0,254.0,85.0,1.0,332.0,91.0,1.0,0.002311837648660781,2.1269625569153496,2.077894831187234,1.862983981730975
287.0,86.0,1.0,294.0,168.0,1.0,222.0,169.0,1.0,154.0,280.0,1.0,202.0,207.0,1.0,366.0,169.0,1.0,400.0,290.0,1.0,344.0,354.0,1.0,295.0,394.0,1.0,236.0,394.0,1.0,356.0,392.0,1.0,275.0,72.0,1.0,307.0,70.0,1.0,254.0,85.0,1.0,332.0,91.0,1.0,0.032011582318548525,2.1343262229209103,2.1488345518147387,1.8586124248792937
287.0,86.0,1.0,294.0,169.0,1.0,222.0,171.0,1.0,156.0,281.0,1.0,203.0,211.0,1.0,368.0,169.0,1.0,400.0,293.0,1.0,345.0,367.0,1.0,296.0,376.0,1.0,236.0,382.0,1.0,358.0,366.0,1.0,275.0,72.0,1.0,307.0,70.0,1.0,254.0,85.0,1.0,332.0,91.0,1.0,0.05087256509653425,2.138986463658902,2.249875636594072,1.8233506025729562
287.0,86.0,1.0,294.0,170.0,1.0,222.0,171.0,1.0,157.0,282.0,1.0,203.0,214.0,1.0,369.0,170.0,1.0,400.0,297.0,1.0,346.0,378.0,1.0,298.0,378.0,1.0,236.0,382.0,1.0,360.0,375.0,1.0,275.0,72.0,1.0,307.0,70.0,1.0,254.0,85.0,1.0,332.0,91.0,1.0,0.06500601936383921,2.1144375608453765,2.314177192150516,1.8102091846866066
287.0,85.0,1.0,294.0,171.0,1.0,221.0,171.0,1.0,157.0,282.0,1.0,202.0,217.0,1.0,369.0,172.0,1.0,399.0,299.0,1.0,349.0,382.0,1.0,298.0,394.0,1.0,238.0,396.0,1.0,362.0,394.0,1.0,275.0,72.0,1.0,307.0,69.0,1.0,254.0,85.0,1.0,332.0,91.0,1.0,0.0825263518675516,2.0938146385323155,2.367434998807267,1.81609711494469
287.0,84.0,1.0,295.0,170.0,1.0,220.0,170.0,1.0,157.0,282.0,1.0,201.0,218.0,1.0,369.0,173.0,1.0,400.0,299.0,1.0,348.0,383.0,1.0,300.0,394.0,1.0,238.0,396.0,1.0,363.0,397.0,1.0,275.0,71.0,1.0,307.0,68.0,1.0,254.0,85.0,1.0,332.0,91.0,1.0,0.08989788582422702,2.0831857871056343,2.3460447946041785,1.8525550420573071
287.0,83.0,1.0,295.0,170.0,1.0,219.0,170.0,1.0,156.0,281.0,1.0,199.0,218.0,1.0,369.0,173.0,1.0,400.0,299.0,1.0,345.0,382.0,1.0,295.0,393.0,1.0,238.0,396.0,1.0,361.0,396.0,1.0,275.0,70.0,1.0,307.0,67.0,1.0,254.0,85.0,1.0,332.0,91.0,1.0,0.08268059111848372,2.0870269974066447,2.31513519537417,1.8525550420573071
287.0,82.0,1.0,295.0,170.0,1.0,218.0,168.0,1.0,155.0,280.0,1.0,197.0,216.0,1.0,369.0,173.0,1.0,400.0,299.0,1.0,341.0,379.0,1.0,298.0,390.0,1.0,238.0,396.0,1.0,360.0,384.0,1.0,275.0,70.0,1.0,308.0,69.0,1.0,254.0,85.0,1.0,332.0,91.0,1.0,0.06836689325693289,2.057217599894078,2.2648992979817266,1.8525550420573071
287.0,82.0,1.0,295.0,170.0,1.0,219.0,164.0,1.0,154.0,279.0,1.0,196.0,213.0,1.0,369.0,173.0,1.0,400.0,298.0,1.0,338.0,372.0,1.0,294.0,380.0,1.0,236.0,382.0,1.0,360.0,372.0,1.0,275.0,70.0,1.0,308.0,69.0,1.0,254.0,85.0,1.0,332.0,91.0,1.0,0.05227790446447371,2.0064636788647805,2.2011064375382423,1.854410105455087
287.0,82.0,1.0,295.0,170.0,1.0,221.0,163.0,1.0,153.0,278.0,1.0,196.0,209.0,1.0,368.0,170.0,1.0,399.0,296.0,1.0,339.0,363.0,1.0,298.0,378.0,1.0,236.0,382.0,1.0,358.0,368.0,1.0,275.0,70.0,1.0,308.0,69.0,1.0,254.0,85.0,1.0,332.0,91.0,1.0,0.02329443194590293,2.010483478639315,2.170016522781952,1.8120366895789601
287.0,82.0,1.0,295.0,170.0,1.0,222.0,162.0,1.0,152.0,278.0,1.0,196.0,206.0,1.0,367.0,170.0,1.0,398.0,293.0,1.0,338.0,355.0,1.0,296.0,392.0,1.0,234.0,394.0,1.0,358.0,390.0,1.0,275.0,70.0,1.0,308.0,69.0,1.0,254.0,85.0,1.0,332.0,91.0,1.0,0.005598262018939878,2.0045940043176116,2.125695757814475,1.817687033480772
287.0,82.0,1.0,295.0,170.0,1.0,222.0,164.0,1.0,152.0,278.0,1.0,196.0,205.0,1.0,367.0,169.0,1.0,397.0,290.0,1.0,338.0,348.0,1.0,301.0,392.0,1.0,234.0,394.0,1.0,357.0,390.0,1.0,275.0,70.0,1.0,308.0,69.0,1.0,254.0,85.0,1.0,332.0,91.0,1.0,0.008243980922296137,2.0394644321809623,2.1046145494700546,1.7999414711536084
287.0,82.0,1.0,295.0,170.0,1.0,221.0,166.0,1.0,152.0,279.0,1.0,196.0,207.0,1.0,367.0,169.0,1.0,397.0,288.0,1.0,339.0,342.0,1.0,299.0,392.0,1.0,234.0,394.0,1.0,355.0,388.0,1.0,273.0,70.0,1.0,308.0,69.0,1.0,254.0,85.0,1.0,332.0,91.0,1.0,0.00035803793707846416,2.0649861909327325,2.073540432374096,1.8038632760028546
287.0,82.0,1.0,295.0,170.0,1.0,220.0,169.0,1.0,153.0,280.0,1.0,199.0,214.0,1.0,367.0,169.0,1.0,398.0,286.0,1.0,341.0,338.0,1.0,300.0,392.0,1.0,234.0,394.0,1.0,356.0,388.0,1.0,273.0,70.0,1.0,308.0,69.0,1.0,254.0,85.0,1.0,332.0,91.0,1.0,0.0656243105829791,2.100528780245184,2.0513492651402,1.8159141300349577
287.0,81.0,1.0,295.0,170.0,1.0,220.0,167.0,1.0,154.0,282.0,1.0,202.0,225.0,1.0,367.0,169.0,1.0,401.0,288.0,1.0,343.0,336.0,1.0,300.0,392.0,1.0,234.0,394.0,1.0,357.0,388.0,1.0,273.0,70.0,1.0,308.0,69.0,1.0,254.0,85.0,1.0,332.0,91.0,1.0,0.17887585026554165,2.0518346591253094,1.9838335965592473,1.8352079898690408
287.0,81.0,1.0,295.0,170.0,1.0,218.0,169.0,1.0,156.0,285.0,1.0,204.0,243.0,1.0,367.0,169.0,1.0,402.0,288.0,1.0,347.0,337.0,1.0,298.0,394.0,1.0,234.0,394.0,1.0,356.0,391.0,1.0,273.0,70.0,1.0,308.0,69.0,1.0,254.0,85.0,1.0,332.0,91.0,1.0,0.3611145467752533,2.0486618242727435,2.012514620997553,1.8429597725812479
287.0,81.0,1.0,295.0,170.0,1.0,218.0,170.0,1.0,153.0,280.0,1.0,208.0,263.0,1.0,367.0,169.0,1.0,403.0,289.0,1.0,348.0,342.0,1.0,296.0,408.0,1.0,234.0,408.0,1.0,356.0,406.0,1.0,271.0,70.0,1.0,305.0,69.0,1.0,254.0,85.0,1.0,332.0,91.0,1.0,0.7373120650556555,2.104504518434158,2.046221293646469,1.8483651253417968
287.0,81.0,1.0,295.0,170.0,1.0,218.0,171.0,1.0,155.0,279.0,1.0,215.0,282.0,1.0,368.0,169.0,1.0,403.0,289.0,1.0,354.0,344.0,1.0,296.0,398.0,1.0,234.0,408.0,1.0,358.0,396.0,1.0,271.0,70.0,1.0,305.0,69.0,1.0,254.0,85.0,1.0,332.0,91.0,1.0,1.0926802740904797,2.111857058141429,2.130028808461491,1.8408926626303588
287.0,81.0,1.0,295.0,170.0,1.0,218.0,171.0,1.0,157.0,278.0,1.0,216.0,297.0,1.0,368.0,169.0,1.0,403.0,287.0,1.0,356.0,343.0,1.0,297.0,401.0,1.0,234.0,408.0,1.0,358.0,396.0,1.0,271.0,70.0,1.0,304.0,69.0,1.0,254.0,85.0,1.0,332.0,91.0,1.0,1.3642040884560473,2.1019216749566065,2.1550078006815037,1.8454425174871554
285.0,79.0,1.0,296.0,170.0,1.0,218.0,171.0,1.0,162.0,278.0,1.0,215.0,304.0,1.0,368.0,169.0,1.0,404.0,286.0,1.0,359.0,337.0,1.0,298.0,398.0,1.0,237.0,404.0,1.0,358.0,396.0,1.0,271.0,70.0,1.0,304.0,68.0,1.0,254.0,85.0,1.0,332.0,91.0,1.0,1.5447043120756923,2.0657801483366125,2.1201143686021227,1.8554072624501088
285.0,78.0,1.0,296.0,170.0,1.0,218.0,171.0,1.0,163.0,277.0,1.0,213.0,305.0,1.0,368.0,169.0,1.0,404.0,284.0,1.0,359.0,331.0,1.0,294.0,382.0,1.0,234.0,390.0,1.0,348.0,378.0,1.0,271.0,69.0,1.0,304.0,67.0,1.0,254.0,84.0,1.0,332.0,91.0,1.0,1.6026568869434963,2.0622438990359733,2.074550279194657,1.8602882487034103
285.0,78.0,1.0,296.0,170.0,1.0,218.0,171.0,1.0,160.0,277.0,1.0,207.0,298.0,1.0,368.0,169.0,1.0,405.0,285.0,1.0,359.0,323.0,1.0,295.0,382.0,1.0,237.0,389.0,1.0,354.0,378.0,1.0,271.0,69.0,1.0,304.0,67.0,1.0,254.0,84.0,1.0,330.0,89.0,1.0,1.4903253155294358,2.0842838621425335,1.9524785123731188,1.8656726023403993
285.0,78.0,1.0,295.0,170.0,1.0,218.0,171.0,1.0,158.0,275.0,1.0,205.0,289.0,1.0,368.0,169.0,1.0,406.0,282.0,1.0,358.0,315.0,1.0,297.0,386.0,1.0,238.0,392.0,1.0,357.0,380.0,1.0,269.0,68.0,1.0,304.0,66.0,1.0,254.0,84.0,1.0,330.0,88.0,1.0,1.3370216766243095,2.1070609318470446,1.8486806048602142,1.8815016214916773
284.0,78.0,1.0,295.0,170.0,1.0,218.0,171.0,1.0,157.0,272.0,1.0,204.0,279.0,1.0,367.0,168.0,1.0,406.0,280.0,1.0,358.0,308.0,1.0,297.0,386.0,1.0,238.0,392.0,1.0,357.0,380.0,1.0,268.0,68.0,1.0,304.0,66.0,1.0,254.0,84.0,1.0,330.0,88.0,1.0,1.1753192232273229,2.1271090785413986,1.7637876775304684,1.8781087878922635
284.0,78.0,1.0,295.0,170.0,1.0,218.0,171.0,1.0,155.0,272.0,1.0,204.0,270.0,1.0,367.0,168.0,1.0,406.0,281.0,1.0,358.0,302.0,1.0,297.0,389.0,1.0,238.0,392.0,1.0,357.0,380.0,1.0,268.0,68.0,1.0,301.0,67.0,1.0,254.0,84.0,1.0,330.0,88.0,1.0,0.9722938002982388,2.1414914533438614,1.6508745983745658,1.8753578602191936
284.0,78.0,1.0,295.0,170.0,1.0,218.0,171.0,1.0,154.0,273.0,1.0,205.0,262.0,1.0,367.0,168.0,1.0,407.0,282.0,1.0,357.0,298.0,1.0,297.0,389.0,1.0,238.0,392.0,1.0,358.0,383.0,1.0,268.0,68.0,1.0,301.0,67.0,1.0,251.0,85.0,1.0,330.0,88.0,1.0,0.7980044293813113,2.1441424866199124,1.5430432021095712,1.880481759429257
284.0,78.0,1.0,295.0,170.0,1.0,218.0,171.0,1.0,154.0,276.0,1.0,204.0,257.0,1.0,367.0,168.0,1.0,407.0,281.0,1.0,357.0,296.0,1.0,297.0,389.0,1.0,238.0,392.0,1.0,357.0,386.0,1.0,268.0,68.0,1.0,300.0,67.0,1.0,251.0,85.0,1.0,330.0,88.0,1.0,0.660256428917265,2.1311754976465247,1.5220350096280806,1.8832438018461588
284.0,78.0,1.0,295.0,170.0,1.0,218.0,171.0,1.0,154.0,276.0,1.0,206.0,251.0,1.0,367.0,168.0,1.0,407.0,281.0,1.0,357.0,296.0,1.0,297.0,389.0,1.0,238.0,392.0,1.0,357.0,386.0,1.0,268.0,68.0,1.0,300.0,67.0,1.0,251.0,85.0,1.0,327.0,88.0,1.0,0.5752584637876511,2.1311754976465247,1.5220350096280806,1.8832438018461588
284.0,78.0,1.0,295.0,170.0,1.0,218.0,171.0,1.0,155.0,276.0,1.0,208.0,247.0,1.0,367.0,168.0,1.0,407.0,281.0,1.0,357.0,297.0,1.0,297.0,389.0,1.0,237.0,392.0,1.0,357.0,386.0,1.0,268.0,68.0,1.0,300.0,67.0,1.0,251.0,85.0,1.0,327.0,88.0,1.0,0.5297091016495762,2.1242021099856534,1.5402811596926695,1.8832438018461588
284.0,78.0,1.0,295.0,170.0,1.0,218.0,171.0,1.0,156.0,276.0,1.0,209.0,246.0,1.0,367.0,168.0,1.0,407.0,282.0,1.0,357.0,299.0,1.0,297.0,389.0,1.0,237.0,392.0,1.0,357.0,386.0,1.0,268.0,68.0,1.0,300.0,67.0,1.0,251.0,85.0,1.0,327.0,88.0,1.0,0.5223362423877101,2.117169877103474,1.5610787643476705,1.880481759429257
284.0,78.0,1.0,295.0,170.0,1.0,218.0,171.0,1.0,156.0,277.0,1.0,210.0,249.0,1.0,367.0,168.0,1.0,407.0,283.0,1.0,357.0,301.0,1.0,297.0,389.0,1.0,237.0,392.0,1.0,357.0,386.0,1.0,268.0,68.0,1.0,300.0,67.0,1.0,251.0,85.0,1.0,327.0,88.0,1.0,0.5631971145843943,2.113029390546914,1.581615070059794,1.8777625275182903
284.0,78.0,1.0,295.0,170.0,1.0,218.0,171.0,1.0,156.0,279.0,1.0,211.0,257.0,1.0,367.0,168.0,1.0,407.0,284.0,1.0,357.0,303.0,1.0,297.0,389.0,1.0,237.0,392.0,1.0,357.0,386.0,1.0,268.0,68.0,1.0,300.0,67.0,1.0,251.0,85.0,1.0,327.0,88.0,1.0,0.6691518061984134,2.1049207531991874,1.6018838691981874,1.875085157744361
284.0,78.0,1.0,295.0,170.0,1.0,218.0,171.0,1.0,155.0,280.0,1.0,212.0,270.0,1.0,367.0,168.0,1.0,407.0,284.0,1.0,357.0,305.0,1.0,297.0,389.0,1.0,237.0,392.0,1.0,357.0,386.0,1.0,268.0,68.0,1.0,300.0,67.0,1.0,251.0,85.0,1.0,327.0,88.0,1.0,0.8730529456783769,2.107854792490015,1.6363648507741404,1.875085157744361
284.0,78.0,1.0,295.0,170.0,1.0,218.0,171.0,1.0,155.0,272.0,1.0,213.0,285.0,1.0,367.0,168.0,1.0,407.0,284.0,1.0,357.0,306.0,1.0,297.0,392.0,1.0,237.0,392.0,1.0,357.0,386.0,1.0,268.0,68.0,1.0,300.0,67.0,1.0,251.0,85.0,1.0,327.0,88.0,1.0,1.2335812445327758,2.1414914533438614,1.6532437338367971,1.875085157744361
284.0,78.0,1.0,295.0,170.0,1.0,218.0,171.0,1.0,156.0,275.0,1.0,216.0,299.0,1.0,367.0,169.0,1.0,407.0,284.0,1.0,357.0,306.0,1.0,297.0,392.0,1.0,240.0,395.0,1.0,359.0,388.0,1.0,268.0,68.0,1.0,300.0,67.0,1.0,251.0,85.0,1.0,327.0,88.0,1.0,1.413716057248515,2.1213692563738156,1.6505663640628678,1.8916451681807442
284.0,78.0,1.0,295.0,170.0,1.0,218.0,171.0,1.0,159.0,276.0,1.0,218.0,304.0,1.0,367.0,169.0,1.0,405.0,283.0,1.0,358.0,306.0,1.0,297.0,392.0,1.0,243.0,397.0,1.0,359.0,388.0,1.0,268.0,68.0,1.0,300.0,67.0,1.0,251.0,85.0,1.0,327.0,88.0,1.0,1.5019617054550984,2.095719786022273,1.704146580966449,1.8786588852605717
284.0,77.0,1.0,295.0,170.0,1.0,218.0,171.0,1.0,159.0,277.0,1.0,218.0,303.0,1.0,368.0,169.0,1.0,406.0,282.0,1.0,360.0,304.0,1.0,297.0,392.0,1.0,243.0,397.0,1.0,359.0,388.0,1.0,268.0,68.0,1.0,300.0,66.0,1.0,251.0,85.0,1.0,327.0,88.0,1.0,1.4779719157559001,2.091681754448739,1.6924988076686538,1.8815016214916773
284.0,76.0,1.0,295.0,170.0,1.0,218.0,171.0,1.0,159.0,276.0,1.0,215.0,297.0,1.0,368.0,169.0,1.0,407.0,281.0,1.0,361.0,303.0,1.0,297.0,392.0,1.0,243.0,397.0,1.0,360.0,385.0,1.0,268.0,68.0,1.0,300.0,65.0,1.0,251.0,85.0,1.0,327.0,88.0,1.0,1.4176298207582647,2.095719786022273,1.6818187780475125,1.8921816511128187
284.0,76.0,1.0,294.0,170.0,1.0,218.0,171.0,1.0,158.0,277.0,1.0,212.0,290.0,1.0,366.0,167.0,1.0,407.0,280.0,1.0,361.0,302.0,1.0,297.0,392.0,1.0,240.0,396.0,1.0,360.0,385.0,1.0,267.0,68.0,1.0,300.0,65.0,1.0,251.0,85.0,1.0,327.0,88.0,1.0,1.2919687704945524,2.0990262792864343,1.668841604088736,1.8772140193458726
284.0,76.0,1.0,294.0,170.0,1.0,218.0,171.0,1.0,158.0,275.0,1.0,210.0,284.0,1.0,366.0,167.0,1.0,407.0,279.0,1.0,361.0,300.0,1.0,297.0,392.0,1.0,238.0,394.0,1.0,358.0,384.0,1.0,267.0,68.0,1.0,300.0,65.0,1.0,251.0,85.0,1.0,324.0,87.0,1.0,1.2188971310524288,2.107231784399628,1.6481404822611228,1.8800737451067369
284.0,76.0,1.0,294.0,170.0,1.0,218.0,171.0,1.0,158.0,273.0,1.0,209.0,279.0,1.0,366.0,167.0,1.0,407.0,278.0,1.0,360.0,298.0,1.0,297.0,392.0,1.0,238.0,394.0,1.0,358.0,384.0,1.0,267.0,68.0,1.0,300.0,65.0,1.0,250.0,87.0,1.0,324.0,87.0,1.0,1.1561810041029554,2.115677529526458,1.6192923124813943,1.8829788598702513
284.0,76.0,1.0,294.0,170.0,1.0,218.0,171.0,1.0,157.0,275.0,1.0,209.0,276.0,1.0,366.0,167.0,1.0,406.0,280.0,1.0,359.0,295.0,1.0,297.0,392.0,1.0,238.0,394.0,1.0,358.0,384.0,1.0,267.0,68.0,1.0,300.0,65.0,1.0,250.0,87.0,1.0,324.0,87.0,1.0,1.0595622223063015,2.114415965855955,1.539508959073955,1.8693718593409914
284.0,76.0,1.0,294.0,170.0,1.0,218.0,171.0,1.0,155.0,276.0,1.0,210.0,274.0,1.0,366.0,167.0,1.0,406.0,280.0,1.0,358.0,292.0,1.0,297.0,392.0,1.0,238.0,394.0,1.0,358.0,384.0,1.0,267.0,68.0,1.0,300.0,65.0,1.0,250.0,87.0,1.0,324.0,87.0,1.0,0.9940292055052917,2.124372962538237,1.4755568782770776,1.8693718593409914
284.0,76.0,1.0,294.0,170.0,1.0,218.0,171.0,1.0,155.0,276.0,1.0,211.0,273.0,1.0,366.0,167.0,1.0,406.0,280.0,1.0,357.0,291.0,1.0,297.0,392.0,1.0,237.0,397.0,1.0,358.0,388.0,1.0,267.0,68.0,1.0,300.0,65.0,1.0,250.0,87.0,1.0,324.0,87.0,1.0,0.9768565580649973,2.124372962538237,1.4514069848795617,1.8693718593409914
284.0,76.0,1.0,294.0,170.0,1.0,218.0,171.0,1.0,155.0,276.0,1.0,212.0,273.0,1.0,366.0,167.0,1.0,406.0,280.0,1.0,355.0,297.0,1.0,297.0,392.0,1.0,237.0,397.0,1.0,357.0,388.0,1.0,267.0,68.0,1.0,300.0,65.0,1.0,251.0,87.0,1.0,324.0,87.0,1.0,0.9777937649133706,2.124372962538237,1.5523287695468555,1.8693718593409914
284.0,76.0,1.0,293.0,170.0,1.0,218.0,171.0,1.0,155.0,278.0,1.0,212.0,272.0,1.0,366.0,167.0,1.0,405.0,283.0,1.0,351.0,309.0,1.0,297.0,392.0,1.0,237.0,397.0,1.0,357.0,388.0,1.0,267.0,68.0,1.0,300.0,65.0,1.0,251.0,87.0,1.0,324.0,87.0,1.0,0.9337869908979671,2.1162612672557377,1.69518514283182,1.8540580761782404
284.0,76.0,1.0,292.0,170.0,1.0,217.0,171.0,1.0,156.0,278.0,1.0,211.0,270.0,1.0,366.0,167.0,1.0,402.0,284.0,1.0,348.0,324.0,1.0,297.0,392.0,1.0,237.0,397.0,1.0,357.0,388.0,1.0,267.0,68.0,1.0,300.0,65.0,1.0,251.0,87.0,1.0,324.0,87.0,1.0,0.9082156831787154,2.1022679353305795,1.9098461933474102,1.828776905902729
284.0,76.0,1.0,292.0,170.0,1.0,217.0,171.0,1.0,156.0,277.0,1.0,210.0,267.0,1.0,365.0,166.0,1.0,400.0,285.0,1.0,346.0,334.0,1.0,297.0,392.0,1.0,237.0,397.0,1.0,356.0,386.0,1.0,267.0,68.0,1.0,300.0,65.0,1.0,251.0,87.0,1.0,324.0,87.0,1.0,0.8654968083257892,2.1063175712956657,2.021637436234643,1.802107988462334
283.0,76.0,1.0,292.0,170.0,1.0,217.0,171.0,1.0,156.0,276.0,1.0,209.0,263.0,1.0,365.0,166.0,1.0,399.0,285.0,1.0,346.0,342.0,1.0,290.0,391.0,1.0,236.0,395.0,1.0,353.0,386.0,1.0,267.0,68.0,1.0,299.0,65.0,1.0,251.0,87.0,1.0,324.0,87.0,1.0,0.803965933230954,2.1104250157070803,2.114242452206254,1.7943562057501272
283.0,76.0,1.0,292.0,170.0,1.0,217.0,171.0,1.0,156.0,277.0,1.0,206.0,259.0,1.0,364.0,166.0,1.0,399.0,286.0,1.0,346.0,347.0,1.0,293.0,390.0,1.0,237.0,395.0,1.0,357.0,383.0,1.0,267.0,68.0,1.0,299.0,65.0,1.0,249.0,87.0,1.0,324.0,87.0,1.0,0.7030520450065612,2.1063175712956657,2.1424609636224723,1.7990919307575077
281.0,77.0,1.0,290.0,169.0,1.0,217.0,171.0,1.0,155.0,278.0,1.0,205.0,252.0,1.0,364.0,165.0,1.0,399.0,287.0,1.0,346.0,349.0,1.0,295.0,391.0,1.0,237.0,395.0,1.0,357.0,383.0,1.0,267.0,68.0,1.0,299.0,65.0,1.0,249.0,87.0,1.0,324.0,87.0,1.0,0.5661129390436189,2.1233508310284406,2.1549142582475027,1.796176736083756
281.0,77.0,1.0,290.0,169.0,1.0,217.0,171.0,1.0,154.0,279.0,1.0,204.0,244.0,1.0,364.0,165.0,1.0,400.0,287.0,1.0,347.0,349.0,1.0,296.0,389.0,1.0,237.0,395.0,1.0,357.0,383.0,1.0,265.0,69.0,1.0,299.0,65.0,1.0,249.0,87.0,1.0,324.0,87.0,1.0,0.431995913979328,2.126261183696119,2.147357414981561,1.8037335793496978
281.0,77.0,1.0,290.0,169.0,1.0,217.0,171.0,1.0,153.0,280.0,1.0,203.0,236.0,1.0,364.0,165.0,1.0,400.0,286.0,1.0,349.0,346.0,1.0,297.0,384.0,1.0,237.0,395.0,1.0,358.0,382.0,1.0,265.0,69.0,1.0,299.0,65.0,1.0,249.0,87.0,1.0,324.0,87.0,1.0,0.3182196547888324,2.129108556411062,2.1479179669630613,1.8059754488034427
281.0,77.0,1.0,290.0,169.0,1.0,217.0,171.0,1.0,152.0,279.0,1.0,201.0,232.0,1.0,364.0,165.0,1.0,400.0,285.0,1.0,350.0,338.0,1.0,296.0,394.0,1.0,237.0,395.0,1.0,354.0,392.0,1.0,265.0,69.0,1.0,299.0,65.0,1.0,249.0,87.0,1.0,324.0,87.0,1.0,0.2644484397848859,2.139966778918539,2.0938556772215167,1.8082516208967954
281.0,77.0,1.0,290.0,169.0,1.0,217.0,171.0,1.0,151.0,278.0,1.0,200.0,226.0,1.0,364.0,165.0,1.0,400.0,283.0,1.0,350.0,328.0,1.0,298.0,394.0,1.0,237.0,395.0,1.0,358.0,382.0,1.0,265.0,69.0,1.0,299.0,65.0,1.0,249.0,87.0,1.0,324.0,87.0,1.0,0.2030067321552348,2.150883926905063,2.0074962827064384,1.812909972293893
281.0,77.0,1.0,290.0,169.0,1.0,217.0,170.0,1.0,152.0,280.0,1.0,199.0,222.0,1.0,364.0,165.0,1.0,404.0,281.0,1.0,350.0,318.0,1.0,298.0,394.0,1.0,237.0,395.0,1.0,358.0,382.0,1.0,265.0,69.0,1.0,299.0,65.0,1.0,249.0,87.0,1.0,324.0,87.0,1.0,0.1473088188078565,2.118202291807024,1.8394506425630048,1.8488542939618138
281.0,77.0,1.0,290.0,169.0,1.0,217.0,169.0,1.0,152.0,280.0,1.0,199.0,221.0,1.0,365.0,164.0,1.0,405.0,279.0,1.0,350.0,310.0,1.0,298.0,394.0,1.0,237.0,395.0,1.0,358.0,382.0,1.0,265.0,69.0,1.0,299.0,65.0,1.0,249.0,87.0,1.0,324.0,87.0,1.0,0.142917313687557,2.1005495649144095,1.7493117623443428,1.8389650003358875
281.0,77.0,1.0,292.0,167.0,1.0,217.0,169.0,1.0,153.0,280.0,1.0,199.0,221.0,1.0,365.0,164.0,1.0,405.0,277.0,1.0,350.0,305.0,1.0,298.0,394.0,1.0,237.0,395.0,1.0,358.0,382.0,1.0,265.0,69.0,1.0,299.0,65.0,1.0,249.0,87.0,1.0,324.0,87.0,1.0,0.13919718951875307,2.1204749869069133,1.7014720741309166,1.8699416598491259
281.0,77.0,1.0,292.0,167.0,1.0,217.0,170.0,1.0,154.0,281.0,1.0,200.0,223.0,1.0,365.0,164.0,1.0,405.0,277.0,1.0,350.0,304.0,1.0,298.0,394.0,1.0,237.0,395.0,1.0,358.0,382.0,1.0,265.0,69.0,1.0,299.0,65.0,1.0,249.0,87.0,1.0,324.0,87.0,1.0,0.15429088736880125,2.1270056845299345,1.6869266837073222,1.8699416598491259
281.0,77.0,1.0,292.0,167.0,1.0,218.0,170.0,1.0,155.0,282.0,1.0,202.0,225.0,1.0,365.0,164.0,1.0,405.0,278.0,1.0,350.0,308.0,1.0,298.0,394.0,1.0,237.0,395.0,1.0,358.0,382.0,1.0,265.0,69.0,1.0,299.0,65.0,1.0,249.0,87.0,1.0,324.0,87.0,1.0,0.17714955597669674,2.1237041395839813,1.7326869792472452,1.8671796174322242
281.0,77.0,1.0,292.0,167.0,1.0,218.0,172.0,1.0,156.0,283.0,1.0,203.0,230.0,1.0,365.0,164.0,1.0,405.0,280.0,1.0,350.0,319.0,1.0,298.0,394.0,1.0,237.0,395.0,1.0,358.0,382.0,1.0,265.0,69.0,1.0,299.0,65.0,1.0,249.0,87.0,1.0,324.0,87.0,1.0,0.21607968207523195,2.14765167751781,1.8555380830400299,1.861783015747328
281.0,77.0,1.0,292.0,167.0,1.0,218.0,173.0,1.0,157.0,284.0,1.0,204.0,233.0,1.0,365.0,164.0,1.0,405.0,283.0,1.0,351.0,335.0,1.0,298.0,394.0,1.0,237.0,395.0,1.0,352.0,383.0,1.0,265.0,69.0,1.0,299.0,65.0,1.0,249.0,87.0,1.0,324.0,87.0,1.0,0.24210717066022047,2.15419773581949,2.013059363413655,1.8539929889614617
281.0,77.0,1.0,292.0,167.0,1.0,218.0,173.0,1.0,158.0,284.0,1.0,205.0,235.0,1.0,365.0,164.0,1.0,402.0,285.0,1.0,351.0,354.0,1.0,296.0,378.0,1.0,236.0,384.0,1.0,360.0,376.0,1.0,265.0,69.0,1.0,299.0,65.0,1.0,249.0,87.0,1.0,324.0,87.0,1.0,0.2690161698754031,2.147252099435956,2.20832867702412,1.8264793089821645
281.0,77.0,1.0,292.0,167.0,1.0,218.0,173.0,1.0,158.0,284.0,1.0,205.0,235.0,1.0,365.0,165.0,1.0,400.0,288.0,1.0,350.0,367.0,1.0,298.0,378.0,1.0,236.0,384.0,1.0,360.0,370.0,1.0,265.0,69.0,1.0,299.0,65.0,1.0,249.0,87.0,1.0,324.0,87.0,1.0,0.2690161698754031,2.147252099435956,2.3000989191697436,1.8206314638821521
281.0,77.0,1.0,292.0,167.0,1.0,218.0,173.0,1.0,158.0,283.0,1.0,205.0,234.0,1.0,365.0,165.0,1.0,399.0,290.0,1.0,350.0,372.0,1.0,301.0,383.0,1.0,236.0,388.0,1.0,361.0,374.0,1.0,265.0,69.0,1.0,299.0,65.0,1.0,249.0,87.0,1.0,324.0,87.0,1.0,0.26522112168110173,2.1510471476302575,2.3373934823427787,1.808980919503998
281.0,77.0,1.0,292.0,167.0,1.0,218.0,173.0,1.0,157.0,282.0,1.0,204.0,233.0,1.0,365.0,165.0,1.0,399.0,290.0,1.0,350.0,371.0,1.0,301.0,388.0,1.0,237.0,392.0,1.0,362.0,388.0,1.0,265.0,69.0,1.0,299.0,65.0,1.0,249.0,87.0,1.0,324.0,87.0,1.0,0.2543589290929548,2.161909340218404,2.331974979583785,1.808980919503998
281.0,77.0,1.0,292.0,167.0,1.0,218.0,173.0,1.0,156.0,281.0,1.0,203.0,231.0,1.0,365.0,165.0,1.0,398.0,291.0,1.0,349.0,364.0,1.0,294.0,385.0,1.0,237.0,392.0,1.0,359.0,384.0,1.0,265.0,69.0,1.0,299.0,65.0,1.0,249.0,87.0,1.0,324.0,87.0,1.0,0.23334204035028794,2.1728385694342456,2.294284103808146,1.7995573008856376
281.0,77.0,1.0,292.0,167.0,1.0,218.0,173.0,1.0,155.0,280.0,1.0,202.0,229.0,1.0,365.0,165.0,1.0,398.0,288.0,1.0,349.0,350.0,1.0,296.0,388.0,1.0,237.0,392.0,1.0,356.0,380.0,1.0,265.0,69.0,1.0,299.0,65.0,1.0,249.0,87.0,1.0,324.0,87.0,1.0,0.2124720833628876,2.183832823116823,2.210660654388188,1.805525759585507
281.0,77.0,1.0,292.0,167.0,1.0,217.0,170.0,1.0,154.0,279.0,1.0,201.0,228.0,1.0,365.0,165.0,1.0,399.0,283.0,1.0,347.0,336.0,1.0,296.0,392.0,1.0,237.0,392.0,1.0,354.0,382.0,1.0,265.0,69.0,1.0,299.0,65.0,1.0,249.0,87.0,1.0,324.0,87.0,1.0,0.22053229775463717,2.1348471966931326,2.0851812200476356,1.823942710058356
281.0,77.0,1.0,292.0,167.0,1.0,217.0,170.0,1.0,154.0,279.0,1.0,201.0,227.0,1.0,365.0,165.0,1.0,402.0,280.0,1.0,346.0,323.0,1.0,301.0,392.0,1.0,239.0,395.0,1.0,356.0,386.0,1.0,265.0,69.0,1.0,299.0,65.0,1.0,249.0,87.0,1.0,324.0,87.0,1.0,0.21086380660564624,2.1348471966931326,1.9143486625007717,1.8546856512119794
281.0,77.0,1.0,292.0,167.0,1.0,217.0,170.0,1.0,154.0,279.0,1.0,202.0,226.0,1.0,365.0,165.0,1.0,402.0,277.0,1.0,346.0,314.0,1.0,301.0,392.0,1.0,239.0,395.0,1.0,358.0,383.0,1.0,265.0,69.0,1.0,299.0,65.0,1.0,249.0,87.0,1.0,324.0,87.0,1.0,0.2118614120209113,2.1348471966931326,1.8355971267846385,1.8624755139924074
281.0,77.0,1.0,292.0,167.0,1.0,217.0,171.0,1.0,155.0,279.0,1.0,203.0,226.0,1.0,365.0,161.0,1.0,405.0,277.0,1.0,346.0,309.0,1.0,301.0,392.0,1.0,239.0,395.0,1.0,359.0,387.0,1.0,265.0,69.0,1.0,299.0,65.0,1.0,249.0,87.0,1.0,324.0,87.0,1.0,0.2147954513117387,2.1452173218387074,1.7357054641310643,1.8208483488115965
281.0,77.0,1.0,292.0,167.0,1.0,218.0,170.0,1.0,155.0,279.0,1.0,204.0,226.0,1.0,365.0,161.0,1.0,405.0,276.0,1.0,346.0,306.0,1.0,301.0,392.0,1.0,239.0,395.0,1.0,359.0,385.0,1.0,265.0,69.0,1.0,299.0,65.0,1.0,249.0,87.0,1.0,324.0,87.0,1.0,0.22213037869544783,2.1353868620481893,1.7064637524146733,1.8235257185855256
281.0,77.0,1.0,292.0,167.0,1.0,218.0,171.0,1.0,155.0,280.0,1.0,204.0,227.0,1.0,365.0,161.0,1.0,405.0,276.0,1.0,347.0,306.0,1.0,301.0,392.0,1.0,239.0,395.0,1.0,359.0,385.0,1.0,265.0,69.0,1.0,299.0,65.0,1.0,249.0,87.0,1.0,324.0,87.0,1.0,0.22213037869544783,2.148870009945811,1.7134048718517538,1.8235257185855256
281.0,77.0,1.0,292.0,167.0,1.0,218.0,172.0,1.0,155.0,281.0,1.0,204.0,228.0,1.0,365.0,161.0,1.0,405.0,276.0,1.0,348.0,311.0,1.0,301.0,392.0,1.0,239.0,395.0,1.0,359.0,385.0,1.0,265.0,69.0,1.0,299.0,65.0,1.0,249.0,87.0,1.0,324.0,87.0,1.0,0.22213037869544783,2.1623335340917476,1.786735040390333,1.8235257185855256
281.0,77.0,1.0,292.0,167.0,1.0,218.0,173.0,1.0,155.0,281.0,1.0,204.0,230.0,1.0,365.0,161.0,1.0,405.0,277.0,1.0,348.0,322.0,1.0,301.0,392.0,1.0,239.0,395.0,1.0,359.0,385.0,1.0,265.0,69.0,1.0,299.0,65.0,1.0,249.0,87.0,1.0,324.0,87.0,1.0,0.23732638099793782,2.179774874376487,1.907026278082595,1.8208483488115965
281.0,77.0,1.0,292.0,167.0,1.0,217.0,172.0,1.0,155.0,282.0,1.0,204.0,231.0,1.0,365.0,161.0,1.0,403.0,280.0,1.0,348.0,339.0,1.0,299.0,394.0,1.0,238.0,398.0,1.0,356.0,389.0,1.0,265.0,69.0,1.0,299.0,65.0,1.0,249.0,87.0,1.0,324.0,87.0,1.0,0.25214855655803675,2.1506167634369815,2.0821748181629802,1.7978818838313013
281.0,77.0,1.0,292.0,167.0,1.0,217.0,172.0,1.0,155.0,282.0,1.0,204.0,232.0,1.0,365.0,161.0,1.0,401.0,284.0,1.0,348.0,359.0,1.0,296.0,388.0,1.0,237.0,395.0,1.0,360.0,380.0,1.0,265.0,69.0,1.0,299.0,65.0,1.0,249.0,87.0,1.0,324.0,87.0,1.0,0.26204522394586566,2.1506167634369815,2.2416759769551073,1.7735193197914232
281.0,77.0,1.0,292.0,167.0,1.0,217.0,173.0,1.0,155.0,282.0,1.0,204.0,232.0,1.0,365.0,163.0,1.0,398.0,288.0,1.0,349.0,377.0,1.0,296.0,392.0,1.0,237.0,395.0,1.0,356.0,388.0,1.0,265.0,69.0,1.0,299.0,65.0,1.0,249.0,87.0,1.0,324.0,87.0,1.0,0.2581296193520055,2.167794189967255,2.3802071059518983,1.7741676631281778
280.0,77.0,1.0,292.0,167.0,1.0,217.0,173.0,1.0,155.0,282.0,1.0,204.0,232.0,1.0,364.0,164.0,1.0,395.0,292.0,1.0,349.0,385.0,1.0,298.0,396.0,1.0,236.0,399.0,1.0,350.0,398.0,1.0,265.0,69.0,1.0,299.0,65.0,1.0,249.0,87.0,1.0,324.0,87.0,1.0,0.2581296193520055,2.167794189967255,2.44464304885733,1.7667660615617795
280.0,77.0,1.0,292.0,167.0,1.0,217.0,173.0,1.0,154.0,281.0,1.0,203.0,231.0,1.0,364.0,164.0,1.0,395.0,293.0,1.0,348.0,384.0,1.0,295.0,398.0,1.0,236.0,399.0,1.0,352.0,399.0,1.0,265.0,69.0,1.0,298.0,65.0,1.0,249.0,87.0,1.0,324.0,87.0,1.0,0.2472230483857671,2.1787007609334936,2.4290072073981417,1.7649918975673768
280.0,77.0,1.0,292.0,167.0,1.0,217.0,172.0,1.0,154.0,280.0,1.0,202.0,229.0,1.0,364.0,164.0,1.0,397.0,291.0,1.0,346.0,381.0,1.0,295.0,395.0,1.0,236.0,399.0,1.0,360.0,394.0,1.0,265.0,69.0,1.0,298.0,65.0,1.0,249.0,87.0,1.0,324.0,87.0,1.0,0.22702995505231352,2.16543893899708,2.3718231019591305,1.7833742918679918
280.0,77.0,1.0,292.0,167.0,1.0,217.0,171.0,1.0,153.0,279.0,1.0,201.0,227.0,1.0,364.0,164.0,1.0,398.0,289.0,1.0,346.0,373.0,1.0,298.0,388.0,1.0,236.0,396.0,1.0,360.0,378.0,1.0,265.0,69.0,1.0,298.0,65.0,1.0,249.0,87.0,1.0,324.0,87.0,1.0,0.2104644024880618,2.1590342521406853,2.321710156204278,1.7947287488802721
280.0,77.0,1.0,292.0,167.0,1.0,216.0,170.0,1.0,153.0,282.0,1.0,201.0,225.0,1.0,364.0,164.0,1.0,400.0,286.0,1.0,346.0,362.0,1.0,298.0,378.0,1.0,236.0,392.0,1.0,357.0,371.0,1.0,265.0,69.0,1.0,298.0,65.0,1.0,249.0,87.0,1.0,324.0,87.0,1.0,0.1875034094085066,2.1226389882026737,2.236898175092791,1.8160925006270778
280.0,77.0,1.0,292.0,167.0,1.0,216.0,169.0,1.0,152.0,281.0,1.0,201.0,223.0,1.0,364.0,164.0,1.0,401.0,283.0,1.0,347.0,350.0,1.0,298.0,394.0,1.0,236.0,395.0,1.0,360.0,388.0,1.0,265.0,69.0,1.0,298.0,65.0,1.0,249.0,88.0,1.0,324.0,87.0,1.0,0.18233742221173369,2.116252158294342,2.1617731877042954,1.830602523233732
280.0,77.0,1.0,292.0,167.0,1.0,216.0,168.0,1.0,152.0,281.0,1.0,201.0,221.0,1.0,364.0,164.0,1.0,401.0,280.0,1.0,349.0,338.0,1.0,298.0,394.0,1.0,237.0,395.0,1.0,361.0,387.0,1.0,265.0,69.0,1.0,298.0,65.0,1.0,249.0,88.0,1.0,324.0,87.0,1.0,0.16949555245936374,2.0992791557508887,2.101921674956606,1.837918019172778
280.0,77.0,1.0,292.0,167.0,1.0,216.0,167.0,1.0,152.0,281.0,1.0,201.0,219.0,1.0,364.0,164.0,1.0,400.0,278.0,1.0,349.0,328.0,1.0,298.0,394.0,1.0,236.0,395.0,1.0,361.0,387.0,1.0,265.0,69.0,1.0,298.0,65.0,1.0,249.0,88.0,1.0,324.0,87.0,1.0,0.1572560307658267,2.082352453965202,2.0404149521995043,1.8350326191011603
280.0,77.0,1.0,292.0,167.0,1.0,216.0,167.0,1.0,153.0,281.0,1.0,202.0,218.0,1.0,364.0,163.0,1.0,402.0,278.0,1.0,352.0,318.0,1.0,298.0,394.0,1.0,235.0,395.0,1.0,361.0,387.0,1.0,265.0,69.0,1.0,298.0,65.0,1.0,249.0,88.0,1.0,324.0,87.0,1.0,0.15618179719155995,2.075657698454023,1.9263976747461622,1.8344374158214667
280.0,77.0,1.0,292.0,167.0,1.0,216.0,167.0,1.0,154.0,282.0,1.0,203.0,219.0,1.0,364.0,163.0,1.0,402.0,277.0,1.0,352.0,311.0,1.0,298.0,394.0,1.0,236.0,395.0,1.0,360.0,386.0,1.0,265.0,69.0,1.0,298.0,65.0,1.0,249.0,88.0,1.0,321.0,87.0,1.0,0.16658339665976285,2.06525609898582,1.846222430490932,1.837048375945822
280.0,77.0,1.0,292.0,167.0,1.0,216.0,168.0,1.0,155.0,283.0,1.0,204.0,224.0,1.0,364.0,163.0,1.0,404.0,278.0,1.0,352.0,307.0,1.0,298.0,394.0,1.0,236.0,395.0,1.0,360.0,386.0,1.0,265.0,69.0,1.0,298.0,65.0,1.0,249.0,88.0,1.0,321.0,87.0,1.0,0.2053708749797015,2.0716514159538,1.7447893137936352,1.8500346588659944
280.0,77.0,1.0,292.0,167.0,1.0,216.0,169.0,1.0,157.0,285.0,1.0,206.0,233.0,1.0,364.0,163.0,1.0,404.0,278.0,1.0,356.0,308.0,1.0,297.0,394.0,1.0,235.0,395.0,1.0,360.0,386.0,1.0,265.0,69.0,1.0,298.0,65.0,1.0,249.0,88.0,1.0,321.0,87.0,1.0,0.28518357076856193,2.0676263970697955,1.7946588048216445,1.8500346588659944
280.0,77.0,1.0,292.0,167.0,1.0,216.0,169.0,1.0,158.0,285.0,1.0,208.0,246.0,1.0,364.0,163.0,1.0,404.0,278.0,1.0,358.0,310.0,1.0,297.0,394.0,1.0,237.0,395.0,1.0,360.0,386.0,1.0,265.0,69.0,1.0,298.0,65.0,1.0,249.0,88.0,1.0,321.0,87.0,1.0,0.44472242396093936,2.060753653048625,1.8438614855920423,1.8500346588659944
280.0,77.0,1.0,292.0,167.0,1.0,216.0,169.0,1.0,155.0,282.0,1.0,218.0,254.0,1.0,364.0,163.0,1.0,404.0,279.0,1.0,359.0,314.0,1.0,297.0,394.0,1.0,238.0,395.0,1.0,360.0,386.0,1.0,265.0,69.0,1.0,298.0,65.0,1.0,249.0,88.0,1.0,321.0,87.0,1.0,0.6575757763666602,2.092102264896826,1.899780028102698,1.8473572890920653
280.0,77.0,1.0,292.0,167.0,1.0,216.0,169.0,1.0,156.0,283.0,1.0,228.0,274.0,1.0,364.0,163.0,1.0,404.0,281.0,1.0,360.0,319.0,1.0,297.0,394.0,1.0,238.0,395.0,1.0,352.0,380.0,1.0,265.0,69.0,1.0,298.0,65.0,1.0,249.0,88.0,1.0,321.0,87.0,1.0,0.961963403211112,2.081583973084842,1.956327271959285,1.8421244744791205
280.0,77.0,1.0,292.0,167.0,1.0,216.0,169.0,1.0,160.0,283.0,1.0,228.0,291.0,1.0,364.0,163.0,1.0,403.0,282.0,1.0,360.0,324.0,1.0,296.0,382.0,1.0,238.0,395.0,1.0,352.0,380.0,1.0,265.0,69.0,1.0,298.0,65.0,1.0,249.0,88.0,1.0,321.0,87.0,1.0,1.231299599469267,2.053711515940313,2.027730234755017,1.8319979138367495
280.0,77.0,1.0,292.0,167.0,1.0,216.0,169.0,1.0,163.0,283.0,1.0,222.0,296.0,1.0,364.0,163.0,1.0,403.0,283.0,1.0,360.0,326.0,1.0,296.0,382.0,1.0,240.0,392.0,1.0,352.0,380.0,1.0,264.0,69.0,1.0,298.0,65.0,1.0,249.0,88.0,1.0,321.0,87.0,1.0,1.3524843962574464,2.032291590251677,2.0419625911080064,1.8295297206335182
280.0,77.0,1.0,292.0,167.0,1.0,216.0,169.0,1.0,162.0,283.0,1.0,220.0,294.0,1.0,364.0,163.0,1.0,403.0,283.0,1.0,361.0,325.0,1.0,296.0,382.0,1.0,240.0,392.0,1.0,353.0,380.0,1.0,264.0,69.0,1.0,298.0,65.0,1.0,249.0,88.0,1.0,321.0,87.0,1.0,1.3158512162618254,2.039480267024564,2.041962591108007,1.8295297206335182
280.0,76.0,1.0,292.0,167.0,1.0,216.0,169.0,1.0,164.0,278.0,1.0,216.0,283.0,1.0,364.0,163.0,1.0,404.0,282.0,1.0,363.0,323.0,1.0,296.0,382.0,1.0,240.0,392.0,1.0,353.0,380.0,1.0,264.0,68.0,1.0,298.0,64.0,1.0,249.0,87.0,1.0,319.0,86.0,1.0,1.2215242669721127,2.042237250980616,2.031925049435326,1.839567262306199
280.0,76.0,1.0,292.0,167.0,1.0,216.0,169.0,1.0,157.0,280.0,1.0,215.0,269.0,1.0,364.0,163.0,1.0,404.0,281.0,1.0,364.0,320.0,1.0,296.0,386.0,1.0,238.0,394.0,1.0,351.0,380.0,1.0,264.0,68.0,1.0,298.0,64.0,1.0,249.0,87.0,1.0,319.0,86.0,1.0,0.8948137243301777,2.085659534068864,2.0167102854283523,1.8421244744791205
280.0,76.0,1.0,292.0,167.0,1.0,216.0,169.0,1.0,156.0,279.0,1.0,212.0,253.0,1.0,364.0,163.0,1.0,404.0,280.0,1.0,364.0,317.0,1.0,296.0,386.0,1.0,238.0,394.0,1.0,351.0,380.0,1.0,264.0,68.0,1.0,297.0,64.0,1.0,247.0,87.0,1.0,319.0,86.0,1.0,0.6367793899655216,2.096452765727949,1.987830108983158,1.8447208596613274
280.0,76.0,1.0,292.0,167.0,1.0,216.0,169.0,1.0,153.0,282.0,1.0,209.0,237.0,1.0,364.0,163.0,1.0,404.0,279.0,1.0,364.0,315.0,1.0,297.0,389.0,1.0,238.0,394.0,1.0,355.0,381.0,1.0,264.0,68.0,1.0,297.0,64.0,1.0,247.0,87.0,1.0,319.0,86.0,1.0,0.3852814701869618,2.105706048813277,1.9715519610385177,1.8473572890920653
280.0,76.0,1.0,292.0,167.0,1.0,216.0,169.0,1.0,152.0,279.0,1.0,206.0,227.0,1.0,364.0,163.0,1.0,404.0,279.0,1.0,364.0,313.0,1.0,297.0,392.0,1.0,238.0,394.0,1.0,357.0,385.0,1.0,264.0,68.0,1.0,297.0,64.0,1.0,247.0,87.0,1.0,319.0,86.0,1.0,0.27732062222968945,2.1240492712372485,1.9432309234942289,1.8473572890920653
280.0,76.0,1.0,292.0,168.0,1.0,216.0,169.0,1.0,152.0,280.0,1.0,203.0,216.0,1.0,364.0,163.0,1.0,404.0,279.0,1.0,364.0,311.0,1.0,297.0,392.0,1.0,239.0,396.0,1.0,359.0,388.0,1.0,264.0,68.0,1.0,297.0,64.0,1.0,247.0,87.0,1.0,319.0,86.0,1.0,0.14981423585634507,2.1069717740050713,1.9134778014755638,1.8335226606495736
280.0,76.0,1.0,292.0,168.0,1.0,216.0,166.0,1.0,152.0,279.0,1.0,201.0,209.0,1.0,364.0,163.0,1.0,404.0,279.0,1.0,363.0,310.0,1.0,297.0,392.0,1.0,239.0,396.0,1.0,359.0,388.0,1.0,264.0,68.0,1.0,297.0,64.0,1.0,247.0,87.0,1.0,319.0,86.0,1.0,0.09540027090597267,2.0598123030252107,1.88612899899194,1.8335226606495736
280.0,76.0,1.0,292.0,168.0,1.0,216.0,166.0,1.0,153.0,279.0,1.0,200.0,208.0,1.0,364.0,163.0,1.0,404.0,279.0,1.0,362.0,310.0,1.0,297.0,392.0,1.0,238.0,396.0,1.0,359.0,388.0,1.0,264.0,68.0,1.0,297.0,64.0,1.0,247.0,87.0,1.0,319.0,86.0,1.0,0.0761452813121056,2.0530866143074324,1.8745752827757562,1.8335226606495736
280.0,76.0,1.0,292.0,168.0,1.0,216.0,167.0,1.0,154.0,280.0,1.0,201.0,214.0,1.0,364.0,163.0,1.0,404.0,279.0,1.0,361.0,311.0,1.0,297.0,392.0,1.0,238.0,396.0,1.0,358.0,385.0,1.0,264.0,68.0,1.0,297.0,64.0,1.0,247.0,87.0,1.0,319.0,86.0,1.0,0.11699126993632927,2.059462688123495,1.8785066420786367,1.8335226606495736
280.0,76.0,1.0,292.0,169.0,1.0,215.0,167.0,1.0,155.0,282.0,1.0,204.0,225.0,1.0,364.0,163.0,1.0,404.0,279.0,1.0,361.0,312.0,1.0,297.0,392.0,1.0,238.0,396.0,1.0,358.0,385.0,1.0,264.0,68.0,1.0,297.0,64.0,1.0,247.0,87.0,1.0,319.0,86.0,1.0,0.2291819923737719,2.025715419778676,1.8933076265754023,1.819714562449341
280.0,76.0,1.0,290.0,169.0,1.0,216.0,170.0,1.0,157.0,283.0,1.0,212.0,239.0,1.0,364.0,163.0,1.0,404.0,279.0,1.0,361.0,313.0,1.0,297.0,392.0,1.0,238.0,396.0,1.0,358.0,385.0,1.0,264.0,68.0,1.0,297.0,64.0,1.0,247.0,87.0,1.0,319.0,86.0,1.0,0.41486571551313545,2.0654986868664333,1.9077798574425846,1.8219516951825516
280.0,76.0,1.0,290.0,169.0,1.0,216.0,170.0,1.0,153.0,278.0,1.0,218.0,263.0,1.0,364.0,163.0,1.0,404.0,279.0,1.0,361.0,313.0,1.0,297.0,392.0,1.0,238.0,396.0,1.0,358.0,385.0,1.0,264.0,68.0,1.0,297.0,64.0,1.0,247.0,87.0,1.0,319.0,86.0,1.0,0.815923030314651,2.1123834662345846,1.9077798574425846,1.8219516951825516
280.0,76.0,1.0,290.0,169.0,1.0,216.0,170.0,1.0,155.0,279.0,1.0,221.0,285.0,1.0,364.0,163.0,1.0,404.0,279.0,1.0,362.0,312.0,1.0,297.0,392.0,1.0,239.0,396.0,1.0,356.0,384.0,1.0,264.0,68.0,1.0,297.0,64.0,1.0,247.0,87.0,1.0,319.0,86.0,1.0,1.1512472997273648,2.094517932076502,1.904706096631121,1.8219516951825516
280.0,76.0,1.0,290.0,169.0,1.0,216.0,170.0,1.0,159.0,279.0,1.0,221.0,301.0,1.0,364.0,163.0,1.0,404.0,278.0,1.0,363.0,310.0,1.0,298.0,392.0,1.0,240.0,396.0,1.0,356.0,384.0,1.0,264.0,68.0,1.0,297.0,64.0,1.0,247.0,87.0,1.0,319.0,86.0,1.0,1.4299478562174617,2.0661364418820094,1.8987889973710734,1.8246290649564807
280.0,76.0,1.0,290.0,169.0,1.0,216.0,170.0,1.0,161.0,279.0,1.0,220.0,307.0,1.0,364.0,163.0,1.0,404.0,277.0,1.0,364.0,308.0,1.0,298.0,392.0,1.0,240.0,396.0,1.0,356.0,384.0,1.0,264.0,68.0,1.0,297.0,64.0,1.0,247.0,87.0,1.0,319.0,86.0,1.0,1.5465882854812618,2.0516196140892653,1.892650325899973,1.8273482968674475
280.0,75.0,1.0,290.0,169.0,1.0,216.0,170.0,1.0,161.0,279.0,1.0,218.0,301.0,1.0,364.0,163.0,1.0,405.0,276.0,1.0,366.0,306.0,1.0,298.0,392.0,1.0,240.0,396.0,1.0,356.0,384.0,1.0,264.0,67.0,1.0,297.0,63.0,1.0,247.0,87.0,1.0,319.0,86.0,1.0,1.471834651922819,2.0516196140892653,1.8784316813868684,1.8379524992892304
280.0,74.0,1.0,290.0,169.0,1.0,216.0,170.0,1.0,157.0,278.0,1.0,216.0,288.0,1.0,364.0,163.0,1.0,405.0,275.0,1.0,365.0,306.0,1.0,298.0,392.0,1.0,241.0,396.0,1.0,358.0,381.0,1.0,264.0,67.0,1.0,296.0,62.0,1.0,247.0,87.0,1.0,319.0,86.0,1.0,1.2386970200254444,2.084304247828052,1.879186397717326,1.8408122250500947
279.0,74.0,1.0,290.0,169.0,1.0,216.0,170.0,1.0,156.0,278.0,1.0,214.0,272.0,1.0,364.0,162.0,1.0,405.0,274.0,1.0,365.0,305.0,1.0,298.0,392.0,1.0,241.0,396.0,1.0,358.0,381.0,1.0,263.0,67.0,1.0,295.0,62.0,1.0,246.0,87.0,1.0,318.0,86.0,1.0,0.9606162138798595,2.0914075222005617,1.879186397717326,1.8274023728781448
278.0,74.0,1.0,290.0,169.0,1.0,216.0,170.0,1.0,155.0,277.0,1.0,212.0,257.0,1.0,364.0,162.0,1.0,405.0,274.0,1.0,365.0,305.0,1.0,298.0,392.0,1.0,241.0,396.0,1.0,358.0,381.0,1.0,262.0,67.0,1.0,294.0,62.0,1.0,245.0,87.0,1.0,317.0,85.0,1.0,0.7152011923255778,2.102448083049762,1.879186397717326,1.8274023728781448
277.0,74.0,1.0,290.0,169.0,1.0,216.0,170.0,1.0,154.0,278.0,1.0,213.0,247.0,1.0,364.0,162.0,1.0,404.0,274.0,1.0,365.0,305.0,1.0,298.0,392.0,1.0,241.0,396.0,1.0,358.0,381.0,1.0,261.0,67.0,1.0,293.0,62.0,1.0,244.0,87.0,1.0,317.0,85.0,1.0,0.5658790661795697,2.105447161292343,1.8993785426279335,1.8195063158884195
277.0,74.0,1.0,290.0,169.0,1.0,216.0,170.0,1.0,155.0,279.0,1.0,212.0,238.0,1.0,364.0,162.0,1.0,404.0,274.0,1.0,365.0,305.0,1.0,298.0,392.0,1.0,241.0,396.0,1.0,358.0,381.0,1.0,261.0,67.0,1.0,293.0,62.0,1.0,244.0,87.0,1.0,317.0,85.0,1.0,0.43702668036759434,2.094517932076502,1.8993785426279335,1.8195063158884195
277.0,74.0,1.0,290.0,169.0,1.0,216.0,170.0,1.0,155.0,279.0,1.0,212.0,233.0,1.0,364.0,162.0,1.0,404.0,274.0,1.0,365.0,305.0,1.0,298.0,392.0,1.0,241.0,396.0,1.0,358.0,381.0,1.0,261.0,67.0,1.0,293.0,62.0,1.0,244.0,87.0,1.0,316.0,83.0,1.0,0.38158210382807595,2.094517932076502,1.8993785426279335,1.8195063158884195
277.0,74.0,1.0,290.0,169.0,1.0,216.0,170.0,1.0,155.0,279.0,1.0,214.0,233.0,1.0,364.0,162.0,1.0,404.0,274.0,1.0,365.0,305.0,1.0,298.0,389.0,1.0,240.0,396.0,1.0,358.0,381.0,1.0,261.0,67.0,1.0,293.0,62.0,1.0,244.0,87.0,1.0,316.0,83.0,1.0,0.3983719112704474,2.094517932076502,1.8993785426279335,1.8195063158884195
277.0,74.0,1.0,290.0,169.0,1.0,216.0,170.0,1.0,155.0,280.0,1.0,219.0,233.0,1.0,364.0,162.0,1.0,406.0,276.0,1.0,366.0,305.0,1.0,298.0,385.0,1.0,240.0,393.0,1.0,358.0,379.0,1.0,261.0,67.0,1.0,293.0,62.0,1.0,244.0,87.0,1.0,316.0,83.0,1.0,0.4310441400521297,2.090635321581847,1.8451141312437487,1.8294727632946266
277.0,74.0,1.0,290.0,170.0,1.0,216.0,170.0,1.0,155.0,281.0,1.0,224.0,238.0,1.0,364.0,162.0,1.0,406.0,276.0,1.0,370.0,304.0,1.0,298.0,385.0,1.0,240.0,393.0,1.0,358.0,379.0,1.0,261.0,67.0,1.0,293.0,62.0,1.0,244.0,87.0,1.0,316.0,83.0,1.0,0.5110034818080282,2.0732936366642596,1.878849107818673,1.8160968437889864
276.0,74.0,1.0,290.0,170.0,1.0,216.0,170.0,1.0,155.0,282.0,1.0,228.0,251.0,1.0,364.0,162.0,1.0,407.0,275.0,1.0,370.0,303.0,1.0,298.0,385.0,1.0,240.0,393.0,1.0,358.0,379.0,1.0,261.0,67.0,1.0,292.0,62.0,1.0,243.0,87.0,1.0,316.0,83.0,1.0,0.6704948471519857,2.069517266328928,1.8549968501953638,1.8267173594887072
276.0,74.0,1.0,288.0,169.0,1.0,216.0,170.0,1.0,156.0,283.0,1.0,232.0,266.0,1.0,364.0,162.0,1.0,407.0,275.0,1.0,370.0,302.0,1.0,298.0,389.0,1.0,238.0,395.0,1.0,357.0,382.0,1.0,260.0,68.0,1.0,291.0,62.0,1.0,243.0,88.0,1.0,316.0,83.0,1.0,0.8626163762939878,2.072802570593207,1.8375868447417727,1.8425611040567904
275.0,75.0,1.0,288.0,169.0,1.0,216.0,170.0,1.0,157.0,282.0,1.0,233.0,282.0,1.0,364.0,162.0,1.0,407.0,274.0,1.0,370.0,300.0,1.0,298.0,389.0,1.0,238.0,395.0,1.0,357.0,382.0,1.0,259.0,69.0,1.0,290.0,62.0,1.0,243.0,89.0,1.0,316.0,83.0,1.0,1.0859504801880135,2.069530169332747,1.8167584935610213,1.845525590374338
274.0,75.0,1.0,288.0,169.0,1.0,216.0,171.0,1.0,158.0,282.0,1.0,233.0,293.0,1.0,364.0,162.0,1.0,407.0,274.0,1.0,370.0,299.0,1.0,298.0,389.0,1.0,238.0,395.0,1.0,357.0,382.0,1.0,258.0,70.0,1.0,289.0,62.0,1.0,242.0,90.0,1.0,315.0,83.0,1.0,1.2349218532253605,2.0800698175286763,1.7984346407511518,1.845525590374338
273.0,75.0,1.0,288.0,170.0,1.0,216.0,172.0,1.0,160.0,283.0,1.0,233.0,300.0,1.0,364.0,162.0,1.0,407.0,274.0,1.0,371.0,298.0,1.0,298.0,392.0,1.0,242.0,396.0,1.0,357.0,382.0,1.0,257.0,70.0,1.0,288.0,62.0,1.0,241.0,90.0,1.0,314.0,83.0,1.0,1.3323504563937723,2.0658116791766674,1.7922235404982854,1.8324947779088416
272.0,74.0,1.0,288.0,170.0,1.0,216.0,172.0,1.0,160.0,283.0,1.0,230.0,297.0,1.0,364.0,162.0,1.0,407.0,274.0,1.0,372.0,298.0,1.0,298.0,392.0,1.0,242.0,396.0,1.0,357.0,382.0,1.0,256.0,70.0,1.0,287.0,61.0,1.0,240.0,90.0,1.0,313.0,83.0,1.0,1.3009471708564273,2.0658116791766674,1.8052946914484673,1.8324947779088416
271.0,73.0,1.0,287.0,170.0,1.0,216.0,172.0,1.0,160.0,280.0,1.0,225.0,284.0,1.0,364.0,162.0,1.0,407.0,274.0,1.0,373.0,299.0,1.0,298.0,382.0,1.0,241.0,393.0,1.0,357.0,382.0,1.0,255.0,69.0,1.0,286.0,60.0,1.0,239.0,89.0,1.0,312.0,83.0,1.0,1.153904851299005,2.0773103251614464,1.83824365661414,1.8338470421285311
270.0,72.0,1.0,286.0,170.0,1.0,215.0,172.0,1.0,158.0,278.0,1.0,222.0,269.0,1.0,364.0,162.0,1.0,407.0,274.0,1.0,373.0,300.0,1.0,297.0,385.0,1.0,239.0,393.0,1.0,357.0,382.0,1.0,254.0,69.0,1.0,285.0,59.0,1.0,238.0,88.0,1.0,311.0,82.0,1.0,0.9377088297282109,2.0923365165603114,1.8570675680514923,1.835164998531822
269.0,72.0,1.0,285.0,169.0,1.0,215.0,172.0,1.0,156.0,276.0,1.0,220.0,254.0,1.0,363.0,160.0,1.0,407.0,274.0,1.0,372.0,301.0,1.0,298.0,388.0,1.0,239.0,393.0,1.0,357.0,382.0,1.0,253.0,69.0,1.0,284.0,59.0,1.0,237.0,88.0,1.0,310.0,82.0,1.0,0.7236661589928991,2.1296613505614896,1.8595223410975872,1.8242686427869605
268.0,71.0,1.0,284.0,168.0,1.0,215.0,171.0,1.0,153.0,280.0,1.0,216.0,243.0,1.0,362.0,158.0,1.0,406.0,274.0,1.0,371.0,301.0,1.0,298.0,388.0,1.0,239.0,393.0,1.0,357.0,382.0,1.0,252.0,68.0,1.0,283.0,59.0,1.0,236.0,88.0,1.0,311.0,80.0,1.0,0.5225983444905926,2.131415099646549,1.8653270252420426,1.805831005844166
268.0,71.0,1.0,285.0,166.0,1.0,215.0,170.0,1.0,152.0,277.0,1.0,215.0,234.0,1.0,361.0,157.0,1.0,406.0,274.0,1.0,372.0,300.0,1.0,298.0,388.0,1.0,239.0,393.0,1.0,357.0,382.0,1.0,252.0,68.0,1.0,283.0,59.0,1.0,236.0,88.0,1.0,312.0,78.0,1.0,0.43975266789796974,2.1600095063678566,1.8564691240774516,1.8200980574158994
268.0,71.0,1.0,285.0,166.0,1.0,215.0,170.0,1.0,152.0,278.0,1.0,213.0,230.0,1.0,361.0,157.0,1.0,406.0,274.0,1.0,371.0,299.0,1.0,298.0,391.0,1.0,239.0,393.0,1.0,358.0,386.0,1.0,252.0,68.0,1.0,283.0,59.0,1.0,236.0,88.0,1.0,312.0,78.0,1.0,0.3760290521142654,2.155951557627521,1.8238719789594988,1.8200980574158994
269.0,71.0,1.0,285.0,166.0,1.0,215.0,170.0,1.0,151.0,277.0,1.0,214.0,226.0,1.0,361.0,157.0,1.0,406.0,274.0,1.0,370.0,298.0,1.0,298.0,391.0,1.0,239.0,393.0,1.0,358.0,386.0,1.0,253.0,68.0,1.0,284.0,59.0,1.0,237.0,88.0,1.0,313.0,78.0,1.0,0.3512311168080187,2.1669210945208244,1.7916250965242448,1.8200980574158994
270.0,71.0,1.0,285.0,166.0,1.0,215.0,170.0,1.0,152.0,276.0,1.0,216.0,224.0,1.0,361.0,157.0,1.0,406.0,275.0,1.0,367.0,298.0,1.0,298.0,391.0,1.0,239.0,393.0,1.0,358.0,386.0,1.0,253.0,69.0,1.0,286.0,59.0,1.0,238.0,88.0,1.0,315.0,78.0,1.0,0.35223270918884775,2.164124171932462,1.739308897101747,1.8172555409102187
272.0,71.0,1.0,288.0,166.0,1.0,215.0,169.0,1.0,153.0,276.0,1.0,218.0,224.0,1.0,360.0,158.0,1.0,405.0,277.0,1.0,366.0,300.0,1.0,298.0,391.0,1.0,239.0,393.0,1.0,358.0,386.0,1.0,255.0,69.0,1.0,288.0,59.0,1.0,242.0,90.0,1.0,316.0,79.0,1.0,0.37089128881266203,2.1370332011440323,1.7421096615466163,1.82166965848867
274.0,71.0,1.0,288.0,166.0,1.0,216.0,168.0,1.0,154.0,276.0,1.0,220.0,226.0,1.0,361.0,159.0,1.0,404.0,280.0,1.0,364.0,305.0,1.0,298.0,391.0,1.0,239.0,393.0,1.0,358.0,386.0,1.0,257.0,69.0,1.0,291.0,59.0,1.0,244.0,90.0,1.0,317.0,82.0,1.0,0.40132619422351784,2.119705106872436,1.787943203829008,1.8166506464405072
277.0,72.0,1.0,289.0,166.0,1.0,217.0,168.0,1.0,155.0,274.0,1.0,221.0,230.0,1.0,362.0,160.0,1.0,403.0,284.0,1.0,363.0,315.0,1.0,298.0,391.0,1.0,239.0,393.0,1.0,357.0,386.0,1.0,260.0,69.0,1.0,294.0,60.0,1.0,246.0,90.0,1.0,320.0,82.0,1.0,0.45354694241548427,2.1278137442201626,1.9107771435053582,1.8081181328911073
280.0,73.0,1.0,290.0,166.0,1.0,218.0,167.0,1.0,157.0,274.0,1.0,221.0,236.0,1.0,363.0,162.0,1.0,399.0,288.0,1.0,359.0,329.0,1.0,294.0,392.0,1.0,237.0,394.0,1.0,346.0,390.0,1.0,263.0,69.0,1.0,297.0,61.0,1.0,249.0,90.0,1.0,323.0,83.0,1.0,0.5168460235928957,2.1028233879674008,2.090239883031458,1.7943562057501272
283.0,74.0,1.0,291.0,166.0,1.0,219.0,167.0,1.0,157.0,272.0,1.0,219.0,241.0,1.0,364.0,164.0,1.0,397.0,292.0,1.0,356.0,343.0,1.0,290.0,392.0,1.0,235.0,393.0,1.0,341.0,391.0,1.0,266.0,69.0,1.0,300.0,62.0,1.0,252.0,90.0,1.0,326.0,84.0,1.0,0.5737614504056859,2.1180715901142686,2.2121471001663737,1.7957238992064612
286.0,75.0,1.0,292.0,167.0,1.0,220.0,167.0,1.0,157.0,269.0,1.0,217.0,247.0,1.0,365.0,166.0,1.0,396.0,297.0,1.0,356.0,353.0,1.0,286.0,378.0,1.0,232.0,380.0,1.0,348.0,370.0,1.0,269.0,69.0,1.0,303.0,63.0,1.0,254.0,90.0,1.0,329.0,85.0,1.0,0.6660572074690523,2.1240906521171894,2.288976448360164,1.7894652726688385
288.0,75.0,1.0,293.0,168.0,1.0,221.0,167.0,1.0,158.0,269.0,1.0,214.0,250.0,1.0,366.0,167.0,1.0,394.0,298.0,1.0,355.0,360.0,1.0,294.0,366.0,1.0,232.0,380.0,1.0,354.0,360.0,1.0,271.0,69.0,1.0,305.0,64.0,1.0,256.0,90.0,1.0,331.0,85.0,1.0,0.6904039044668111,2.110202656186222,2.3695270334864906,1.7676705102582346
290.0,75.0,1.0,294.0,168.0,1.0,222.0,167.0,1.0,158.0,268.0,1.0,212.0,249.0,1.0,370.0,167.0,1.0,395.0,298.0,1.0,355.0,357.0,1.0,290.0,378.0,1.0,232.0,380.0,1.0,352.0,372.0,1.0,273.0,69.0,1.0,307.0,64.0,1.0,258.0,90.0,1.0,333.0,86.0,1.0,0.6676677948423342,2.121713240307232,2.357235846554987,1.7462114507338884
292.0,75.0,1.0,295.0,168.0,1.0,223.0,167.0,1.0,158.0,266.0,1.0,212.0,243.0,1.0,371.0,167.0,1.0,397.0,296.0,1.0,356.0,350.0,1.0,288.0,388.0,1.0,233.0,383.0,1.0,350.0,380.0,1.0,275.0,68.0,1.0,309.0,64.0,1.0,259.0,89.0,1.0,334.0,86.0,1.0,0.5871647152227223,2.137885288884231,2.2933060365174684,1.7565250630344014
293.0,75.0,1.0,296.0,168.0,1.0,224.0,167.0,1.0,157.0,266.0,1.0,213.0,234.0,1.0,372.0,166.0,1.0,398.0,293.0,1.0,351.0,343.0,1.0,290.0,394.0,1.0,234.0,394.0,1.0,344.0,392.0,1.0,276.0,68.0,1.0,310.0,64.0,1.0,260.0,89.0,1.0,335.0,86.0,1.0,0.45668716456447916,2.1518713788478236,2.1851783631557864,1.7464207161415755
294.0,75.0,1.0,297.0,167.0,1.0,224.0,165.0,1.0,157.0,264.0,1.0,216.0,225.0,1.0,373.0,165.0,1.0,398.0,290.0,1.0,352.0,332.0,1.0,294.0,390.0,1.0,235.0,391.0,1.0,352.0,380.0,1.0,277.0,68.0,1.0,311.0,64.0,1.0,261.0,89.0,1.0,336.0,86.0,1.0,0.3917522237881949,2.1383689663039283,2.113375650920887,1.7418821693918551
294.0,75.0,1.0,298.0,167.0,1.0,225.0,165.0,1.0,159.0,267.0,1.0,219.0,216.0,1.0,374.0,165.0,1.0,398.0,287.0,1.0,353.0,321.0,1.0,298.0,394.0,1.0,238.0,395.0,1.0,362.0,396.0,1.0,277.0,68.0,1.0,311.0,64.0,1.0,262.0,89.0,1.0,336.0,86.0,1.0,0.2919974323779771,2.1177107484947357,2.023602523833816,1.7387276057233783
295.0,75.0,1.0,299.0,167.0,1.0,225.0,161.0,1.0,160.0,267.0,1.0,221.0,209.0,1.0,375.0,165.0,1.0,398.0,285.0,1.0,354.0,312.0,1.0,298.0,394.0,1.0,238.0,395.0,1.0,362.0,393.0,1.0,278.0,68.0,1.0,311.0,64.0,1.0,263.0,89.0,1.0,336.0,86.0,1.0,0.26052853604920034,2.0399666003148558,1.9318122244958433,1.733856659517819
295.0,76.0,1.0,299.0,168.0,1.0,228.0,162.0,1.0,165.0,270.0,1.0,223.0,204.0,1.0,376.0,165.0,1.0,398.0,283.0,1.0,358.0,308.0,1.0,298.0,394.0,1.0,238.0,395.0,1.0,362.0,393.0,1.0,278.0,69.0,1.0,311.0,65.0,1.0,263.0,89.0,1.0,336.0,86.0,1.0,0.19289687554553442,2.0145640426950497,1.94507123323876,1.7161793925975564
295.0,77.0,1.0,300.0,166.0,1.0,228.0,161.0,1.0,166.0,271.0,1.0,224.0,203.0,1.0,377.0,164.0,1.0,401.0,283.0,1.0,360.0,304.0,1.0,298.0,394.0,1.0,239.0,398.0,1.0,362.0,393.0,1.0,279.0,68.0,1.0,311.0,66.0,1.0,263.0,89.0,1.0,336.0,87.0,1.0,0.19294681956173634,2.014715465972949,1.845141301300052,1.7438392069131
294.0,78.0,1.0,300.0,166.0,1.0,228.0,161.0,1.0,168.0,273.0,1.0,225.0,206.0,1.0,376.0,165.0,1.0,402.0,283.0,1.0,362.0,302.0,1.0,298.0,391.0,1.0,240.0,394.0,1.0,360.0,380.0,1.0,278.0,68.0,1.0,310.0,67.0,1.0,263.0,88.0,1.0,336.0,88.0,1.0,0.2131179761432885,1.9932723690953866,1.7973710475482265,1.7745128069885492
292.0,79.0,1.0,299.0,168.0,1.0,230.0,163.0,1.0,168.0,273.0,1.0,227.0,214.0,1.0,376.0,165.0,1.0,403.0,283.0,1.0,364.0,302.0,1.0,298.0,391.0,1.0,240.0,394.0,1.0,360.0,380.0,1.0,277.0,69.0,1.0,309.0,68.0,1.0,263.0,85.0,1.0,336.0,89.0,1.0,0.27214589053118754,2.0117112691225625,1.7991937575982884,1.7567962487490283
287.0,80.0,1.0,299.0,170.0,1.0,226.0,165.0,1.0,168.0,273.0,1.0,228.0,230.0,1.0,376.0,165.0,1.0,403.0,283.0,1.0,366.0,303.0,1.0,298.0,391.0,1.0,240.0,394.0,1.0,360.0,380.0,1.0,276.0,70.0,1.0,307.0,69.0,1.0,263.0,81.0,1.0,336.0,89.0,1.0,0.4561356419707064,1.9952463801979938,1.8414067352295542,1.730893564292861
285.0,81.0,1.0,299.0,168.0,1.0,226.0,165.0,1.0,165.0,266.0,1.0,231.0,247.0,1.0,375.0,168.0,1.0,403.0,284.0,1.0,366.0,309.0,1.0,298.0,391.0,1.0,240.0,394.0,1.0,360.0,380.0,1.0,274.0,71.0,1.0,305.0,70.0,1.0,263.0,78.0,1.0,336.0,90.0,1.0,0.7471702016301163,2.0730500170307717,1.9281612696484103,1.8076450877418169
283.0,82.0,1.0,299.0,168.0,1.0,226.0,166.0,1.0,167.0,264.0,1.0,234.0,267.0,1.0,375.0,168.0,1.0,403.0,286.0,1.0,367.0,314.0,1.0,297.0,388.0,1.0,240.0,394.0,1.0,360.0,380.0,1.0,273.0,72.0,1.0,303.0,71.0,1.0,263.0,79.0,1.0,336.0,91.0,1.0,1.0736238087274281,2.085324667842118,1.9988602565684808,1.8037755658719994
281.0,83.0,1.0,299.0,168.0,1.0,226.0,166.0,1.0,167.0,268.0,1.0,237.0,284.0,1.0,375.0,169.0,1.0,403.0,288.0,1.0,367.0,320.0,1.0,297.0,384.0,1.0,239.0,390.0,1.0,350.0,376.0,1.0,272.0,73.0,1.0,301.0,72.0,1.0,261.0,78.0,1.0,336.0,92.0,1.0,1.271098271665421,2.0678151418641524,2.0663480002807253,1.8150441294635495
279.0,84.0,1.0,299.0,168.0,1.0,226.0,166.0,1.0,168.0,269.0,1.0,234.0,286.0,1.0,375.0,170.0,1.0,402.0,287.0,1.0,368.0,325.0,1.0,297.0,384.0,1.0,239.0,390.0,1.0,350.0,376.0,1.0,271.0,74.0,1.0,299.0,73.0,1.0,261.0,79.0,1.0,335.0,93.0,1.0,1.3100420176917664,2.0562562080912383,2.184894147384176,1.8239048921017047
278.0,84.0,1.0,299.0,169.0,1.0,226.0,167.0,1.0,169.0,269.0,1.0,230.0,289.0,1.0,375.0,171.0,1.0,402.0,288.0,1.0,369.0,329.0,1.0,297.0,384.0,1.0,239.0,390.0,1.0,350.0,376.0,1.0,270.0,74.0,1.0,298.0,73.0,1.0,260.0,79.0,1.0,334.0,91.0,1.0,1.37802854785419,2.05299818312896,2.2370855129712797,1.8239048921017047
277.0,83.0,1.0,299.0,169.0,1.0,226.0,168.0,1.0,169.0,268.0,1.0,223.0,282.0,1.0,376.0,170.0,1.0,400.0,288.0,1.0,369.0,331.0,1.0,297.0,384.0,1.0,239.0,390.0,1.0,349.0,376.0,1.0,269.0,73.0,1.0,297.0,73.0,1.0,259.26959228515625,78.61726379394531,0.0,333.0,91.0,1.0,1.3064018944768183,2.0751670818787518,2.316304353498293,1.7844354870349557
276.0,83.0,1.0,298.0,169.0,1.0,226.0,168.0,1.0,169.0,265.0,1.0,219.0,272.0,1.0,376.0,170.0,1.0,400.0,288.0,1.0,369.0,331.0,1.0,297.0,384.0,1.0,239.0,390.0,1.0,349.0,376.0,1.0,268.0,73.0,1.0,296.0,72.0,1.0,258.32952880859375,78.16454315185547,0.0,332.0,91.0,1.0,1.1786188544351537,2.088181744705744,2.316304353498293,1.7842690145876838
275.0,83.0,1.0,297.0,169.0,1.0,225.0,167.0,1.0,165.0,270.0,1.0,216.0,260.0,1.0,375.0,170.0,1.0,400.0,288.0,1.0,368.0,331.0,1.0,295.0,386.0,1.0,237.0,391.0,1.0,350.0,376.0,1.0,267.0,73.0,1.0,295.0,72.0,1.0,257.38372802734375,77.88533782958984,0.0,331.0,90.0,1.0,0.8497037501734908,2.070496273966936,2.293045688581102,1.7923933194498625
274.0,83.0,1.0,297.0,169.0,1.0,225.0,167.0,1.0,163.0,272.0,1.0,213.0,244.0,1.0,375.0,170.0,1.0,400.0,288.0,1.0,368.0,329.0,1.0,295.0,386.0,1.0,237.0,391.0,1.0,349.0,377.0,1.0,266.0,73.0,1.0,294.0,72.0,1.0,256.4259338378906,77.94886779785156,0.0,330.0,90.0,1.0,0.5269207374897158,2.0764129575898806,2.2700859635147363,1.7923933194498625
273.0,83.0,1.0,297.0,168.0,1.0,225.0,167.0,1.0,161.0,273.0,1.0,211.0,230.0,1.0,374.0,170.0,1.0,400.0,288.0,1.0,367.0,327.0,1.0,293.0,386.0,1.0,237.0,391.0,1.0,347.0,379.0,1.0,265.0,73.0,1.0,293.0,72.0,1.0,255.515625,78.21026611328125,0.0,329.0,90.0,1.0,0.31733574302038264,2.100097907151757,2.222462106414378,1.8136381296728612
272.0,83.0,1.0,297.0,168.0,1.0,225.0,167.0,1.0,160.0,271.0,1.0,211.0,219.0,1.0,374.0,170.0,1.0,400.0,288.0,1.0,368.0,323.0,1.0,293.0,386.0,1.0,237.0,391.0,1.0,348.0,382.0,1.0,264.0,73.0,1.0,292.0,72.0,1.0,254.7516632080078,78.39932250976562,0.0,328.0,90.0,1.0,0.21709041521977682,2.115507646207492,2.184067105980552,1.8136381296728612
271.0,83.0,1.0,296.0,169.0,1.0,225.0,166.0,1.0,161.0,275.0,1.0,211.0,213.0,1.0,374.0,170.0,1.0,400.0,288.0,1.0,368.0,319.0,1.0,295.0,389.0,1.0,237.0,391.0,1.0,351.0,384.0,1.0,263.0,73.0,1.0,291.0,72.0,1.0,254.10743713378906,78.50971984863281,0.0,328.0,90.0,1.0,0.14774066960700943,2.059489745823198,2.1234491915341467,1.8004897529342054
270.0,83.0,1.0,296.0,168.0,1.0,224.0,163.0,1.0,161.0,276.0,1.0,212.0,213.0,1.0,374.0,170.0,1.0,400.0,288.0,1.0,368.0,318.0,1.0,296.0,387.0,1.0,237.0,391.0,1.0,353.0,382.0,1.0,262.0,73.0,1.0,290.0,72.0,1.0,253.6520538330078,78.46337127685547,0.0,328.0,90.0,1.0,0.17192121990175585,2.0100631978721464,2.1070739920906827,1.8133053509829824
270.0,83.0,1.0,296.0,168.0,1.0,224.0,164.0,1.0,162.0,278.0,1.0,214.0,218.0,1.0,374.0,170.0,1.0,400.0,288.0,1.0,369.0,318.0,1.0,296.0,384.0,1.0,238.0,389.0,1.0,352.0,380.0,1.0,261.0,73.0,1.0,289.0,72.0,1.0,253.0757598876953,78.42727661132812,0.0,327.0,89.0,1.0,0.21597398861184344,2.013414531549494,2.1229289002179312,1.8133053509829824
269.0,83.0,1.0,295.0,169.0,1.0,223.0,170.0,1.0,164.0,280.0,1.0,218.0,228.0,1.0,374.0,170.0,1.0,400.0,288.0,1.0,369.0,319.0,1.0,296.0,384.0,1.0,238.0,389.0,1.0,352.0,380.0,1.0,260.0,73.0,1.0,288.0,71.0,1.0,252.28884887695312,78.30317687988281,0.0,326.0,89.0,1.0,0.31195025985403246,2.0769979122909503,2.1393208745259367,1.8003274942953569
268.0,83.0,1.0,295.0,169.0,1.0,220.0,167.0,1.0,165.0,282.0,1.0,223.0,241.0,1.0,374.0,170.0,1.0,400.0,288.0,1.0,369.0,319.0,1.0,296.0,384.0,1.0,238.0,389.0,1.0,352.0,380.0,1.0,261.0,71.0,1.0,287.0,70.0,1.0,251.03936767578125,78.31376647949219,0.0,325.0,89.0,1.0,0.5093512360461009,1.9902415273637022,2.1393208745259367,1.8003274942953569
267.0,83.0,1.0,294.0,169.0,1.0,220.0,167.0,1.0,165.0,272.0,1.0,234.0,257.0,1.0,374.0,170.0,1.0,400.0,288.0,1.0,369.0,319.0,1.0,296.0,384.0,1.0,238.0,389.0,1.0,352.0,380.0,1.0,259.0,71.0,1.0,285.0,69.0,1.0,249.58778381347656,78.43315124511719,0.0,324.0,89.0,1.0,0.8742223482085982,2.0262891726301087,2.1393208745259367,1.8001692914806666
266.0,83.0,1.0,294.0,169.0,1.0,220.0,168.0,1.0,165.0,275.0,1.0,232.0,276.0,1.0,374.0,170.0,1.0,400.0,288.0,1.0,368.0,319.0,1.0,296.0,384.0,1.0,238.0,389.0,1.0,352.0,380.0,1.0,255.0,71.0,1.0,284.0,69.0,1.0,248.11215209960938,78.81291961669922,0.0,323.0,89.0,1.0,1.1109210287585611,2.032083198807989,2.1234491915341467,1.8001692914806666
265.0,83.0,1.0,294.0,169.0,1.0,219.0,169.0,1.0,167.0,277.0,1.0,230.0,287.0,1.0,374.0,170.0,1.0,400.0,288.0,1.0,367.0,318.0,1.0,296.0,384.0,1.0,239.0,389.0,1.0,352.0,380.0,1.0,254.0,71.0,1.0,283.0,69.0,1.0,246.66903686523438,79.26667785644531,0.0,322.0,89.0,1.0,1.279489855510766,2.0195196708056176,2.0917377712489533,1.8001692914806666
264.0,82.0,1.0,294.0,169.0,1.0,219.0,169.0,1.0,167.0,280.0,1.0,229.0,298.0,1.0,374.0,170.0,1.0,399.0,288.0,1.0,366.0,317.0,1.0,296.0,384.0,1.0,240.0,389.0,1.0,352.0,380.0,1.0,253.0,71.0,1.0,282.0,68.0,1.0,245.43104553222656,79.24264526367188,0.0,321.0,89.0,1.0,1.4152455596609672,2.0089020463984135,2.082990468584726,1.7920728579963237
263.0,81.0,1.0,293.0,169.0,1.0,218.0,169.0,1.0,167.0,277.0,1.0,222.0,298.0,1.0,373.0,169.0,1.0,400.0,289.0,1.0,365.0,314.0,1.0,298.0,394.0,1.0,239.0,394.0,1.0,358.0,388.0,1.0,252.0,70.0,1.0,281.0,67.0,1.0,244.45375061035156,78.64430236816406,0.0,320.0,88.0,1.0,1.4943516606443292,2.0119758072098772,1.9697313704299269,1.7921107691426879
262.0,80.0,1.0,292.0,169.0,1.0,217.0,169.0,1.0,165.0,275.0,1.0,216.0,293.0,1.0,372.0,169.0,1.0,400.0,288.0,1.0,364.0,309.0,1.0,298.0,394.0,1.0,239.0,394.0,1.0,358.0,388.0,1.0,251.0,69.0,1.0,281.0,66.0,1.0,243.72169494628906,78.04135131835938,0.0,319.0,88.0,1.0,1.4540169448993305,2.0268683231445075,1.867780108025359,1.8018869939907938
261.0,79.0,1.0,294.0,169.0,1.0,216.0,169.0,1.0,163.0,272.0,1.0,210.0,285.0,1.0,371.0,168.0,1.0,400.0,286.0,1.0,363.0,303.0,1.0,298.0,394.0,1.0,239.0,394.0,1.0,358.0,388.0,1.0,251.0,68.0,1.0,280.0,65.0,1.0,243.1409912109375,77.27764892578125,0.0,318.0,87.0,1.0,1.3654153801239035,2.046026429404359,1.7605021698169634,1.7987967122391653
261.0,78.0,1.0,293.0,169.0,1.0,215.0,169.0,1.0,159.0,271.0,1.0,204.0,277.0,1.0,370.0,168.0,1.0,402.0,287.0,1.0,361.0,297.0,1.0,298.0,394.0,1.0,238.0,398.0,1.0,358.0,388.0,1.0,250.0,67.0,1.0,280.0,64.0,1.0,242.59107971191406,76.7393798828125,0.0,318.0,87.0,1.0,1.2012576600695766,2.072886525816891,1.5473345814458481,1.8205033891874332
261.0,78.0,1.0,292.0,168.0,1.0,215.0,169.0,1.0,156.0,271.0,1.0,199.0,269.0,1.0,369.0,167.0,1.0,404.0,287.0,1.0,360.0,294.0,1.0,297.0,397.0,1.0,237.0,402.0,1.0,359.0,392.0,1.0,249.0,67.0,1.0,280.0,64.0,1.0,242.0118865966797,76.52980041503906,0.0,318.0,87.0,1.0,0.9999089718997755,2.1081918332591876,1.4447709551825227,1.841604153083052
261.0,78.0,1.0,291.0,168.0,1.0,215.0,169.0,1.0,151.0,278.0,1.0,196.0,262.0,1.0,368.0,167.0,1.0,405.0,288.0,1.0,358.0,289.0,1.0,297.0,397.0,1.0,236.0,402.0,1.0,359.0,392.0,1.0,249.0,67.0,1.0,280.0,64.0,1.0,241.59283447265625,76.7079849243164,0.0,318.0,87.0,1.0,0.6982590150057864,2.1148752834089555,1.2953139520412358,1.8545658046524462
261.0,78.0,1.0,291.0,168.0,1.0,215.0,169.0,1.0,150.0,277.0,1.0,194.0,257.0,1.0,368.0,167.0,1.0,405.0,287.0,1.0,355.0,284.0,1.0,297.0,397.0,1.0,236.0,399.0,1.0,359.0,392.0,1.0,249.0,67.0,1.0,280.0,64.0,1.0,241.2106475830078,77.11100006103516,0.0,318.0,87.0,1.0,0.6023887900192407,2.125733505916432,1.2117837600607309,1.856894455487682
261.0,78.0,1.0,291.0,168.0,1.0,215.0,169.0,1.0,150.0,277.0,1.0,194.0,254.0,1.0,367.0,167.0,1.0,405.0,286.0,1.0,353.0,282.0,1.0,297.0,397.0,1.0,236.0,399.0,1.0,359.0,392.0,1.0,249.0,67.0,1.0,280.0,64.0,1.0,240.83529663085938,77.28773498535156,0.0,318.0,87.0,1.0,0.5473526055912553,2.125733505916432,1.1849314329625285,1.8667321938847312
261.0,78.0,1.0,291.0,168.0,1.0,214.0,170.0,1.0,151.0,277.0,1.0,195.0,254.0,1.0,367.0,167.0,1.0,406.0,286.0,1.0,353.0,283.0,1.0,297.0,397.0,1.0,236.0,399.0,1.0,359.0,392.0,1.0,249.0,67.0,1.0,280.0,64.0,1.0,240.4679718017578,77.45611572265625,0.0,318.0,87.0,1.0,0.5570002520733396,2.1288969111731486,1.1975527975625095,1.8743392836097106
261.0,78.0,1.0,291.0,168.0,1.0,214.0,170.0,1.0,152.0,278.0,1.0,196.0,255.0,1.0,367.0,167.0,1.0,406.0,286.0,1.0,354.0,288.0,1.0,297.0,397.0,1.0,236.0,399.0,1.0,359.0,392.0,1.0,249.0,67.0,1.0,280.0,64.0,1.0,240.03652954101562,77.60741424560547,0.0,318.0,87.0,1.0,0.5679945057559168,2.1179026574905713,1.292538824528515,1.8743392836097106
261.0,78.0,1.0,290.0,168.0,1.0,214.0,170.0,1.0,154.0,279.0,1.0,197.0,256.0,1.0,365.0,166.0,1.0,407.0,285.0,1.0,356.0,297.0,1.0,297.0,395.0,1.0,236.0,399.0,1.0,359.0,392.0,1.0,249.0,67.0,1.0,280.0,64.0,1.0,239.75111389160156,77.60014343261719,0.0,318.0,87.0,1.0,0.576437404919271,2.100301367637184,1.462594379536749,1.8834285928743433
260.0,78.0,1.0,290.0,168.0,1.0,214.0,170.0,1.0,156.0,281.0,1.0,198.0,260.0,1.0,365.0,166.0,1.0,406.0,284.0,1.0,357.0,311.0,1.0,297.0,395.0,1.0,236.0,399.0,1.0,359.0,389.0,1.0,248.0,67.0,1.0,279.0,64.0,1.0,239.2054901123047,77.69002532958984,0.0,318.0,87.0,1.0,0.6256458636537319,2.0786088981881776,1.7400145166882985,1.8785440846509929
260.0,78.0,1.0,290.0,168.0,1.0,214.0,170.0,1.0,158.0,283.0,1.0,200.0,268.0,1.0,365.0,166.0,1.0,404.0,285.0,1.0,358.0,326.0,1.0,293.0,395.0,1.0,236.0,399.0,1.0,346.0,390.0,1.0,248.0,67.0,1.0,279.0,64.0,1.0,238.88880920410156,77.83961486816406,0.0,317.0,87.0,1.0,0.7676708618004258,2.0572075686215863,1.9820862832679758,1.8608360707078682
260.0,78.0,1.0,290.0,168.0,1.0,214.0,170.0,1.0,160.0,282.0,1.0,202.0,276.0,1.0,365.0,166.0,1.0,403.0,288.0,1.0,357.0,340.0,1.0,282.0,400.0,1.0,236.0,399.0,1.0,342.0,404.0,1.0,248.0,67.0,1.0,278.0,64.0,1.0,238.47549438476562,78.00985717773438,0.0,317.0,87.0,1.0,0.9796391595788523,2.0463661566596993,2.1153914910113967,1.846087140250548
260.0,78.0,1.0,290.0,169.0,1.0,214.0,170.0,1.0,162.0,279.0,1.0,204.0,280.0,1.0,365.0,166.0,1.0,400.0,287.0,1.0,356.0,347.0,1.0,288.0,392.0,1.0,235.0,397.0,1.0,346.0,386.0,1.0,248.0,67.0,1.0,278.0,64.0,1.0,238.34263610839844,78.21092224121094,0.0,317.0,87.0,1.0,1.1494701460471695,2.0290846692004494,2.2272726336314514,1.812388824627765
257.0,78.0,1.0,290.0,169.0,1.0,214.0,170.0,1.0,163.0,278.0,1.0,206.0,280.0,1.0,365.0,166.0,1.0,400.0,288.0,1.0,355.0,348.0,1.0,288.0,392.0,1.0,235.0,397.0,1.0,345.0,389.0,1.0,248.0,67.0,1.0,278.0,64.0,1.0,238.34434509277344,78.01066589355469,0.0,315.0,88.0,1.0,1.1760949777309189,2.025132942682633,2.2187096351316815,1.8101995493364342
257.0,77.0,1.0,290.0,169.0,1.0,214.0,169.0,1.0,161.0,276.0,1.0,208.0,277.0,1.0,365.0,165.0,1.0,400.0,287.0,1.0,353.0,346.0,1.0,291.0,390.0,1.0,235.0,395.0,1.0,356.0,380.0,1.0,248.0,66.0,1.0,278.0,64.0,1.0,238.62698364257812,77.39747619628906,0.0,315.0,88.0,1.0,1.1321674046579875,2.030698634955867,2.189540192117895,1.796895384900032
258.0,77.0,1.0,290.0,168.0,1.0,214.0,168.0,1.0,160.0,276.0,1.0,209.0,272.0,1.0,365.0,164.0,1.0,400.0,285.0,1.0,352.0,340.0,1.0,295.0,391.0,1.0,235.0,395.0,1.0,350.0,390.0,1.0,249.0,66.0,1.0,279.0,64.0,1.0,238.97364807128906,76.86173248291016,0.0,315.0,88.0,1.0,1.0256966734882196,2.0344439357957027,2.1424801280924903,1.7990846601913628
259.0,77.0,1.0,290.0,167.0,1.0,214.0,167.0,1.0,159.0,276.0,1.0,205.0,265.0,1.0,364.0,162.0,1.0,400.0,281.0,1.0,352.0,332.0,1.0,296.0,392.0,1.0,235.0,395.0,1.0,354.0,382.0,1.0,250.0,66.0,1.0,280.0,64.0,1.0,239.4340362548828,76.65965270996094,0.0,315.0,88.0,1.0,0.8687631180286589,2.0381069230759374,2.0927202116747403,1.7970993407093716
260.0,77.0,1.0,290.0,167.0,1.0,214.0,166.0,1.0,159.0,274.0,1.0,204.0,260.0,1.0,364.0,161.0,1.0,404.0,279.0,1.0,356.0,324.0,1.0,295.0,389.0,1.0,235.0,395.0,1.0,351.0,380.0,1.0,251.0,66.0,1.0,281.0,64.0,1.0,239.92434692382812,76.50526428222656,0.0,315.0,88.0,1.0,0.7981497317091779,2.02866674014162,1.9971209548271502,1.8167188805696068
261.0,77.0,1.0,290.0,167.0,1.0,214.0,166.0,1.0,157.0,276.0,1.0,204.0,257.0,1.0,364.0,160.0,1.0,407.0,276.0,1.0,358.0,317.0,1.0,295.0,389.0,1.0,235.0,395.0,1.0,354.0,380.0,1.0,250.0,68.0,1.0,283.0,64.0,1.0,240.4752197265625,76.38201141357422,0.0,316.0,88.0,1.0,0.7085399237987251,2.035726229925713,1.9125522151646892,1.8314687686279345
263.0,77.0,1.0,290.0,167.0,1.0,214.0,166.0,1.0,157.0,275.0,1.0,204.0,256.0,1.0,364.0,160.0,1.0,410.0,274.0,1.0,359.0,311.0,1.0,295.0,389.0,1.0,235.0,395.0,1.0,354.0,380.0,1.0,251.0,68.0,1.0,285.0,64.0,1.0,239.0,79.0,1.0,317.0,88.0,1.0,0.7047995383285127,2.0394666153959253,1.8148982366393993,1.8600098914247079
265.0,77.0,1.0,290.0,167.0,1.0,214.0,166.0,1.0,158.0,275.0,1.0,205.0,256.0,1.0,364.0,160.0,1.0,413.0,272.0,1.0,360.0,308.0,1.0,296.0,392.0,1.0,235.0,395.0,1.0,358.0,390.0,1.0,252.0,68.0,1.0,285.0,64.0,1.0,240.0,79.0,1.0,318.0,88.0,1.0,0.7120308857733937,2.0322352679510445,1.755046281074824,1.8888928170651034
267.0,77.0,1.0,290.0,167.0,1.0,214.0,166.0,1.0,159.0,276.0,1.0,205.0,260.0,1.0,364.0,160.0,1.0,415.0,272.0,1.0,362.0,308.0,1.0,296.0,392.0,1.0,235.0,395.0,1.0,358.0,390.0,1.0,253.0,68.0,1.0,287.0,64.0,1.0,241.0,79.0,1.0,319.0,88.0,1.0,0.7724118804772757,2.021286800322947,1.7401567346904259,1.9037823634495015
269.0,77.0,1.0,291.0,167.0,1.0,214.0,166.0,1.0,160.0,278.0,1.0,207.0,265.0,1.0,364.0,161.0,1.0,417.0,273.0,1.0,364.0,311.0,1.0,296.0,392.0,1.0,235.0,395.0,1.0,357.0,386.0,1.0,254.0,68.0,1.0,288.0,64.0,1.0,243.0,82.0,1.0,320.0,88.0,1.0,0.8516870582445469,2.0070701564866047,1.750837996247777,1.930779227105003
271.0,77.0,1.0,292.0,167.0,1.0,215.0,166.0,1.0,161.0,280.0,1.0,209.0,273.0,1.0,364.0,162.0,1.0,417.0,275.0,1.0,366.0,316.0,1.0,294.0,390.0,1.0,235.0,395.0,1.0,348.0,380.0,1.0,255.0,68.0,1.0,289.0,64.0,1.0,244.0,82.0,1.0,321.0,89.0,1.0,0.9836096055792126,2.000184266851469,1.8093606335154482,1.9400264589231289
272.0,77.0,1.0,293.0,167.0,1.0,215.0,166.0,1.0,165.0,272.0,1.0,210.0,283.0,1.0,364.0,161.0,1.0,417.0,277.0,1.0,368.0,322.0,1.0,294.0,387.0,1.0,235.0,393.0,1.0,348.0,380.0,1.0,256.0,68.0,1.0,290.0,64.0,1.0,245.0,82.0,1.0,322.0,89.0,1.0,1.369788587885931,1.9987273641014183,1.8850926771049799,1.9150638727362708
273.0,77.0,1.0,294.0,167.0,1.0,216.0,166.0,1.0,167.0,274.0,1.0,214.0,292.0,1.0,364.0,161.0,1.0,417.0,279.0,1.0,369.0,328.0,1.0,293.0,384.0,1.0,235.0,390.0,1.0,348.0,380.0,1.0,257.0,68.0,1.0,291.0,64.0,1.0,246.0,82.0,1.0,323.0,89.0,1.0,1.5106139715232991,1.983906172855938,1.944354447127635,1.9074399893276452
274.0,77.0,1.0,295.0,167.0,1.0,217.0,166.0,1.0,169.0,270.0,1.0,216.0,303.0,1.0,364.0,161.0,1.0,417.0,280.0,1.0,369.0,331.0,1.0,293.0,384.0,1.0,235.0,390.0,1.0,348.0,380.0,1.0,258.0,68.0,1.0,292.0,64.0,1.0,247.0,82.0,1.0,324.0,89.0,1.0,1.7505410481694421,1.9903842918925339,1.967484497462912,1.9030617407671195
275.0,77.0,1.0,295.0,167.0,1.0,217.0,166.0,1.0,169.0,273.0,1.0,217.0,314.0,1.0,364.0,161.0,1.0,417.0,280.0,1.0,372.0,330.0,1.0,297.0,385.0,1.0,248.0,392.0,1.0,354.0,381.0,1.0,259.0,68.0,1.0,293.0,64.0,1.0,248.0,82.0,1.0,325.0,89.0,1.0,1.8560168683581122,1.9796640355188968,1.9897737991550786,1.9030617407671195
276.0,77.0,1.0,295.0,167.0,1.0,217.0,166.0,1.0,168.0,275.0,1.0,215.0,317.0,1.0,364.0,161.0,1.0,417.0,280.0,1.0,372.0,329.0,1.0,301.0,388.0,1.0,248.0,392.0,1.0,357.0,382.0,1.0,260.0,68.0,1.0,294.0,64.0,1.0,248.0,82.0,1.0,325.0,89.0,1.0,1.8776013151054531,1.9804489087077115,1.9797182721639213,1.9030617407671195
276.0,77.0,1.0,295.0,167.0,1.0,217.0,166.0,1.0,167.0,275.0,1.0,212.0,317.0,1.0,364.0,161.0,1.0,417.0,280.0,1.0,372.0,328.0,1.0,301.0,388.0,1.0,248.0,392.0,1.0,357.0,382.0,1.0,260.0,68.0,1.0,294.0,64.0,1.0,248.0,82.0,1.0,325.0,89.0,1.0,1.8916472541369744,1.9880546513778588,1.969437619979391,1.9030617407671195
276.0,77.0,1.0,295.0,167.0,1.0,217.0,166.0,1.0,166.0,275.0,1.0,209.0,316.0,1.0,364.0,161.0,1.0,417.0,280.0,1.0,372.0,328.0,1.0,301.0,388.0,1.0,248.0,392.0,1.0,357.0,382.0,1.0,260.0,68.0,1.0,294.0,64.0,1.0,248.0,82.0,1.0,325.0,89.0,1.0,1.894758288466842,1.995607691862429,1.969437619979391,1.9030617407671195
276.0,77.0,1.0,295.0,167.0,1.0,217.0,166.0,1.0,166.0,275.0,1.0,208.0,316.0,1.0,364.0,161.0,1.0,417.0,280.0,1.0,372.0,328.0,1.0,301.0,388.0,1.0,248.0,392.0,1.0,357.0,382.0,1.0,260.0,68.0,1.0,294.0,64.0,1.0,248.0,82.0,1.0,325.0,89.0,1.0,1.906515704797726,1.995607691862429,1.969437619979391,1.9030617407671195
276.0,77.0,1.0,295.0,167.0,1.0,217.0,166.0,1.0,166.0,275.0,1.0,208.0,315.0,1.0,364.0,161.0,1.0,417.0,280.0,1.0,372.0,328.0,1.0,301.0,388.0,1.0,248.0,392.0,1.0,357.0,382.0,1.0,260.0,68.0,1.0,294.0,64.0,1.0,248.0,82.0,1.0,325.0,89.0,1.0,1.8941779054791934,1.995607691862429,1.969437619979391,1.9030617407671195
276.0,77.0,1.0,295.0,167.0,1.0,217.0,166.0,1.0,166.0,275.0,1.0,207.0,313.0,1.0,364.0,161.0,1.0,417.0,280.0,1.0,374.0,326.0,1.0,300.0,390.0,1.0,246.0,394.0,1.0,357.0,382.0,1.0,260.0,68.0,1.0,294.0,64.0,1.0,248.0,82.0,1.0,325.0,89.0,1.0,1.8806068694635976,1.995607691862429,1.9708858448901534,1.9030617407671195
276.0,77.0,1.0,295.0,167.0,1.0,217.0,166.0,1.0,166.0,275.0,1.0,206.0,310.0,1.0,364.0,161.0,1.0,417.0,280.0,1.0,374.0,326.0,1.0,300.0,390.0,1.0,246.0,394.0,1.0,357.0,382.0,1.0,260.0,68.0,1.0,294.0,64.0,1.0,248.0,82.0,1.0,325.0,89.0,1.0,1.8519951508760881,1.995607691862429,1.9708858448901534,1.9030617407671195
276.0,77.0,1.0,295.0,167.0,1.0,217.0,167.0,1.0,166.0,275.0,1.0,205.0,307.0,1.0,363.0,161.0,1.0,417.0,280.0,1.0,374.0,326.0,1.0,300.0,390.0,1.0,246.0,394.0,1.0,357.0,382.0,1.0,260.0,68.0,1.0,294.0,64.0,1.0,248.0,82.0,1.0,325.0,89.0,1.0,1.816741056521355,2.0119758072098772,1.9638954165497406,1.9087831342557766
276.0,77.0,1.0,295.0,167.0,1.0,217.0,167.0,1.0,166.0,275.0,1.0,205.0,305.0,1.0,363.0,161.0,1.0,417.0,280.0,1.0,374.0,326.0,1.0,300.0,390.0,1.0,243.0,396.0,1.0,357.0,382.0,1.0,260.0,68.0,1.0,294.0,64.0,1.0,248.0,82.0,1.0,325.0,89.0,1.0,1.7853124726214522,2.0119758072098772,1.9638954165497406,1.9087831342557766
276.0,77.0,1.0,295.0,167.0,1.0,217.0,167.0,1.0,166.0,275.0,1.0,205.0,305.0,1.0,363.0,161.0,1.0,417.0,280.0,1.0,374.0,326.0,1.0,300.0,390.0,1.0,243.0,396.0,1.0,355.0,381.0,1.0,260.0,68.0,1.0,294.0,64.0,1.0,248.0,82.0,1.0,325.0,89.0,1.0,1.7853124726214522,2.0119758072098772,1.9638954165497406,1.9087831342557766
276.0,77.0,1.0,295.0,167.0,1.0,217.0,167.0,1.0,166.0,275.0,1.0,205.0,306.0,1.0,363.0,161.0,1.0,417.0,280.0,1.0,374.0,326.0,1.0,300.0,390.0,1.0,243.0,396.0,1.0,355.0,381.0,1.0,260.0,68.0,1.0,294.0,64.0,1.0,248.0,82.0,1.0,325.0,89.0,1.0,1.8012230026336562,2.0119758072098772,1.9638954165497406,1.9087831342557766
276.0,77.0,1.0,295.0,167.0,1.0,217.0,167.0,1.0,166.0,276.0,1.0,204.0,308.0,1.0,363.0,161.0,1.0,417.0,280.0,1.0,374.0,326.0,1.0,300.0,390.0,1.0,243.0,396.0,1.0,355.0,381.0,1.0,260.0,68.0,1.0,294.0,64.0,1.0,248.0,82.0,1.0,323.0,88.0,1.0,1.8330580209737073,2.0084275023353295,1.9638954165497406,1.9087831342557766
276.0,77.0,1.0,295.0,167.0,1.0,217.0,167.0,1.0,165.0,277.0,1.0,204.0,310.0,1.0,363.0,161.0,1.0,417.0,280.0,1.0,374.0,326.0,1.0,300.0,390.0,1.0,243.0,396.0,1.0,355.0,381.0,1.0,260.0,68.0,1.0,294.0,64.0,1.0,248.0,82.0,1.0,323.0,88.0,1.0,1.8314608959966125,2.012388689102188,1.9638954165497406,1.9087831342557766
276.0,77.0,1.0,295.0,167.0,1.0,217.0,167.0,1.0,165.0,277.0,1.0,204.0,311.0,1.0,363.0,161.0,1.0,417.0,280.0,1.0,374.0,326.0,1.0,300.0,390.0,1.0,243.0,396.0,1.0,358.0,382.0,1.0,260.0,68.0,1.0,294.0,64.0,1.0,248.0,82.0,1.0,323.0,88.0,1.0,1.8462157842945504,2.012388689102188,1.9638954165497406,1.9087831342557766
276.0,77.0,1.0,295.0,167.0,1.0,217.0,167.0,1.0,165.0,277.0,1.0,204.0,311.0,1.0,363.0,161.0,1.0,417.0,280.0,1.0,374.0,326.0,1.0,300.0,390.0,1.0,243.0,396.0,1.0,358.0,382.0,1.0,260.0,68.0,1.0,294.0,64.0,1.0,248.0,82.0,1.0,323.0,88.0,1.0,1.8462157842945504,2.012388689102188,1.9638954165497406,1.9087831342557766
276.0,77.0,1.0,295.0,167.0,1.0,217.0,167.0,1.0,165.0,277.0,1.0,204.0,310.0,1.0,363.0,161.0,1.0,417.0,280.0,1.0,374.0,326.0,1.0,300.0,390.0,1.0,243.0,396.0,1.0,358.0,382.0,1.0,260.0,68.0,1.0,294.0,64.0,1.0,248.0,82.0,1.0,323.0,88.0,1.0,1.8314608959966125,2.012388689102188,1.9638954165497406,1.9087831342557766
276.0,77.0,1.0,295.0,167.0,1.0,217.0,167.0,1.0,165.0,277.0,1.0,204.0,308.0,1.0,363.0,161.0,1.0,417.0,280.0,1.0,374.0,325.0,1.0,300.0,390.0,1.0,243.0,396.0,1.0,358.0,382.0,1.0,260.0,68.0,1.0,294.0,64.0,1.0,248.0,82.0,1.0,323.0,88.0,1.0,1.8008101207413456,2.012388689102188,1.9529236700453654,1.9087831342557766
276.0,77.0,1.0,295.0,167.0,1.0,217.0,167.0,1.0,165.0,277.0,1.0,204.0,306.0,1.0,363.0,161.0,1.0,417.0,279.0,1.0,373.0,324.0,1.0,300.0,390.0,1.0,243.0,396.0,1.0,358.0,382.0,1.0,260.0,68.0,1.0,294.0,64.0,1.0,248.0,82.0,1.0,323.0,88.0,1.0,1.7685898701737783,2.012388689102188,1.9382514644490096,1.9119674612684538
276.0,77.0,1.0,295.0,167.0,1.0,217.0,167.0,1.0,165.0,276.0,1.0,203.0,303.0,1.0,363.0,161.0,1.0,417.0,278.0,1.0,372.0,322.0,1.0,299.0,387.0,1.0,242.0,394.0,1.0,358.0,379.0,1.0,260.0,68.0,1.0,294.0,64.0,1.0,248.0,82.0,1.0,323.0,88.0,1.0,1.7434208454283322,2.0159275337276936,1.9125512323638445,1.9151967288376937
