295.9751281738281,102.88031768798828,0.9409352540969849,293.89825439453125,185.47674560546875,0.8439279198646545,221.5302276611328,185.4259490966797,0.8070625066757202,199.3424835205078,291.86328125,0.8209959268569946,177.31007385253906,360.1531677246094,0.7915904521942139,362.1360778808594,187.42210388183594,0.8082833886146545,378.26800537109375,320.02545166015625,0.7831849455833435,350.1848449707031,283.8725280761719,0.7608312368392944,287.83026123046875,422.471923828125,0.5205644965171814,233.65870666503906,414.4417419433594,0.513627290725708,344.0399475097656,424.49078369140625,0.4586607813835144,281.773193359375,86.84461975097656,0.9503980875015259,313.9190979003906,86.90218353271484,0.9585078954696655,263.6723327636719,100.93304443359375,0.8914919495582581,332.0404052734375,102.9343032836914,0.9072408676147461,3.035020395362181,1.7756095516843058,0.5393656093780197,1.7203577224885633
297.0,103.0,1.0,295.0,185.0,1.0,223.0,185.0,1.0,200.0,292.0,1.0,178.0,360.0,1.0,363.0,187.0,1.0,379.0,320.0,1.0,349.0,284.0,1.0,288.0,423.0,1.0,234.0,414.0,1.0,344.0,425.0,1.0,282.0,87.0,1.0,315.0,87.0,1.0,264.0,101.0,1.0,333.0,103.0,1.0,3.040422920938698,1.7825278220241842,0.5750128782036532,1.7199250129919514
298.0,103.0,1.0,296.0,185.0,1.0,224.0,185.0,1.0,201.0,292.0,1.0,179.0,360.0,1.0,363.0,187.0,1.0,379.0,320.0,1.0,350.0,286.0,1.0,287.0,423.0,1.0,234.0,414.0,1.0,344.0,425.0,1.0,283.0,87.0,1.0,316.0,87.0,1.0,265.0,101.0,1.0,334.0,103.0,1.0,3.040422920938698,1.7825278220241842,0.5864736944349471,1.7203636094550558
299.0,103.0,1.0,297.0,185.0,1.0,225.0,185.0,1.0,202.0,292.0,1.0,180.0,360.0,1.0,364.0,187.0,1.0,379.0,320.0,1.0,349.0,286.0,1.0,290.0,424.0,1.0,235.0,414.0,1.0,344.0,425.0,1.0,284.0,87.0,1.0,317.0,87.0,1.0,266.0,101.0,1.0,335.0,103.0,1.0,3.040422920938698,1.7825278220241842,0.6106719687089155,1.7129455961545814
299.0,103.0,1.0,298.0,185.0,1.0,226.0,185.0,1.0,203.0,292.0,1.0,181.0,360.0,1.0,365.0,187.0,1.0,379.0,320.0,1.0,348.0,287.0,1.0,290.0,424.0,1.0,235.0,414.0,1.0,343.0,425.0,1.0,284.0,87.0,1.0,318.0,87.0,1.0,267.0,101.0,1.0,336.0,103.0,1.0,3.040422920938698,1.7825278220241842,0.6492813912369464,1.7055151501922399
299.0,103.0,1.0,299.0,185.0,1.0,227.0,185.0,1.0,204.0,292.0,1.0,181.0,360.0,1.0,366.0,187.0,1.0,381.0,318.0,1.0,347.0,288.0,1.0,293.0,425.0,1.0,238.0,416.0,1.0,345.0,427.0,1.0,285.0,87.0,1.0,318.0,87.0,1.0,268.0,101.0,1.0,337.0,103.0,1.0,3.0271683365756283,1.7825278220241842,0.7338096810000636,1.7146455038553483
299.0,103.0,1.0,299.0,185.0,1.0,228.0,185.0,1.0,205.0,292.0,1.0,181.0,360.0,1.0,366.0,187.0,1.0,381.0,319.0,1.0,347.0,289.0,1.0,294.0,425.0,1.0,238.0,416.0,1.0,345.0,427.0,1.0,285.0,87.0,1.0,318.0,87.0,1.0,269.0,101.0,1.0,338.0,103.0,1.0,3.014031534365037,1.7825278220241842,0.7346659918029214,1.7137891930524904
299.0,103.0,1.0,299.0,185.0,1.0,229.0,185.0,1.0,204.0,292.0,1.0,181.0,360.0,1.0,366.0,187.0,1.0,383.0,317.0,1.0,347.0,290.0,1.0,294.0,425.0,1.0,239.0,415.0,1.0,345.0,427.0,1.0,286.0,87.0,1.0,318.0,87.0,1.0,269.0,101.0,1.0,339.0,103.0,1.0,3.0449641955896305,1.800323681038187,0.7972638416599208,1.7306695878036975
300.0,103.0,1.0,300.0,185.0,1.0,230.0,185.0,1.0,205.0,292.0,1.0,181.0,360.0,1.0,367.0,187.0,1.0,383.0,317.0,1.0,347.0,291.0,1.0,294.0,425.0,1.0,239.0,415.0,1.0,346.0,427.0,1.0,287.0,87.0,1.0,319.0,87.0,1.0,270.0,101.0,1.0,340.0,103.0,1.0,3.031827393379039,1.800323681038187,0.8228502291383262,1.7230992688793474
300.0,103.0,1.0,301.0,185.0,1.0,231.0,185.0,1.0,206.0,292.0,1.0,181.0,360.0,1.0,367.0,187.0,1.0,386.0,317.0,1.0,348.0,294.0,1.0,294.0,425.0,1.0,239.0,415.0,1.0,347.0,427.0,1.0,287.0,87.0,1.0,320.0,87.0,1.0,271.0,101.0,1.0,340.0,103.0,1.0,3.0188112831589407,1.800323681038187,0.881389519675513,1.7462164088870753
300.0,103.0,1.0,301.0,185.0,1.0,232.0,185.0,1.0,207.0,292.0,1.0,181.0,360.0,1.0,367.0,187.0,1.0,386.0,317.0,1.0,348.0,294.0,1.0,294.0,425.0,1.0,242.0,415.0,1.0,347.0,427.0,1.0,288.0,87.0,1.0,320.0,87.0,1.0,272.0,101.0,1.0,341.0,103.0,1.0,3.00591855804491,1.800323681038187,0.881389519675513,1.7462164088870753
300.0,103.0,1.0,301.0,185.0,1.0,232.0,185.0,1.0,207.0,292.0,1.0,181.0,360.0,1.0,367.0,187.0,1.0,386.0,317.0,1.0,348.0,294.0,1.0,294.0,425.0,1.0,242.0,415.0,1.0,347.0,427.0,1.0,288.0,87.0,1.0,320.0,87.0,1.0,271.0,100.0,1.0,342.0,103.0,1.0,3.00591855804491,1.800323681038187,0.881389519675513,1.7462164088870753
301.0,103.0,1.0,301.0,185.0,1.0,232.0,185.0,1.0,207.0,292.0,1.0,181.0,360.0,1.0,367.0,187.0,1.0,386.0,317.0,1.0,348.0,294.0,1.0,295.0,425.0,1.0,242.0,415.0,1.0,347.0,427.0,1.0,289.0,87.0,1.0,321.0,87.0,1.0,271.0,100.0,1.0,342.0,103.0,1.0,3.00591855804491,1.800323681038187,0.881389519675513,1.7462164088870753
302.0,104.0,1.0,301.0,185.0,1.0,233.0,185.0,1.0,207.0,292.0,1.0,182.0,357.0,1.0,367.0,187.0,1.0,386.0,317.0,1.0,348.0,293.0,1.0,295.0,425.0,1.0,243.0,414.0,1.0,347.0,427.0,1.0,290.0,87.0,1.0,322.0,88.0,1.0,271.0,100.0,1.0,342.0,104.0,1.0,3.012789649558324,1.8091671565816474,0.862353743129525,1.7462164088870753
303.0,105.0,1.0,301.0,185.0,1.0,234.0,185.0,1.0,207.0,291.0,1.0,183.0,353.0,1.0,367.0,187.0,1.0,387.0,316.0,1.0,348.0,289.0,1.0,295.0,425.0,1.0,244.0,414.0,1.0,347.0,427.0,1.0,291.0,88.0,1.0,322.0,89.0,1.0,271.0,100.0,1.0,343.0,104.0,1.0,3.0216722197742154,1.8202095506529439,0.8114375129568862,1.754904236946712
304.0,106.0,1.0,301.0,185.0,1.0,235.0,185.0,1.0,207.0,290.0,1.0,182.0,350.0,1.0,367.0,187.0,1.0,388.0,315.0,1.0,348.0,285.0,1.0,295.0,425.0,1.0,244.0,414.0,1.0,347.0,427.0,1.0,292.0,89.0,1.0,323.0,90.0,1.0,272.0,100.0,1.0,343.0,105.0,1.0,3.0074039256373735,1.8313987185422376,0.7646813894036638,1.7637039153116203
308.0,107.0,1.0,301.0,185.0,1.0,235.0,185.0,1.0,207.0,287.0,1.0,180.0,346.0,1.0,367.0,186.0,1.0,389.0,313.0,1.0,348.0,279.0,1.0,295.0,425.0,1.0,244.0,414.0,1.0,347.0,427.0,1.0,294.0,90.0,1.0,325.0,92.0,1.0,272.0,100.0,1.0,343.0,105.0,1.0,2.9803245680118353,1.8387067492182363,0.7069357501497658,1.7574728246417668
311.0,110.0,1.0,301.0,185.0,1.0,235.0,185.0,1.0,207.0,285.0,1.0,178.0,341.0,1.0,367.0,186.0,1.0,389.0,310.0,1.0,348.0,272.0,1.0,298.0,414.0,1.0,247.0,411.0,1.0,348.0,424.0,1.0,297.0,93.0,1.0,328.0,94.0,1.0,273.0,101.0,1.0,343.0,105.0,1.0,2.9367703016843887,1.8438050298816073,0.6477624466355826,1.7615388446198466
314.0,113.0,1.0,301.0,185.0,1.0,235.0,185.0,1.0,206.0,283.0,1.0,176.0,338.0,1.0,366.0,185.0,1.0,391.0,308.0,1.0,358.0,266.0,1.0,298.0,413.0,1.0,247.0,411.0,1.0,348.0,424.0,1.0,299.0,95.0,1.0,330.0,97.0,1.0,274.0,101.0,1.0,343.0,106.0,1.0,2.9299539154579417,1.8585043103431749,0.46544868770169573,1.7713168764723108
318.0,116.0,1.0,301.0,185.0,1.0,235.0,185.0,1.0,205.0,280.0,1.0,174.0,331.0,1.0,369.0,184.0,1.0,391.0,302.0,1.0,348.0,264.0,1.0,298.0,413.0,1.0,248.0,411.0,1.0,349.0,423.0,1.0,303.0,98.0,1.0,331.0,100.0,1.0,275.0,102.0,1.0,344.0,107.0,1.0,2.9013049615608577,1.8766751981997487,0.6627239251370082,1.7404159133167443
322.0,119.0,1.0,301.0,185.0,1.0,236.0,184.0,1.0,203.0,278.0,1.0,172.0,322.0,1.0,375.0,187.0,1.0,391.0,295.0,1.0,352.0,252.0,1.0,298.0,413.0,1.0,248.0,411.0,1.0,349.0,419.0,1.0,307.0,101.0,1.0,332.0,102.0,1.0,276.0,102.0,1.0,345.0,108.0,1.0,2.865444795961657,1.8930351624027337,0.5895779566991142,1.7448951313705638
326.0,122.0,1.0,302.0,185.0,1.0,236.0,183.0,1.0,201.0,275.0,1.0,172.0,312.0,1.0,375.0,185.0,1.0,390.0,288.0,1.0,355.0,238.0,1.0,298.0,413.0,1.0,249.0,411.0,1.0,353.0,418.0,1.0,311.0,104.0,1.0,339.0,105.0,1.0,278.0,103.0,1.0,347.0,110.0,1.0,2.8403450357468856,1.90402944385056,0.466111525169268,1.715410766014837
330.0,121.0,1.0,303.0,184.0,1.0,236.0,182.0,1.0,199.0,272.0,1.0,173.0,305.0,1.0,375.0,183.0,1.0,389.0,280.0,1.0,357.0,225.0,1.0,298.0,413.0,1.0,249.0,411.0,1.0,350.0,419.0,1.0,315.0,107.0,1.0,342.0,108.0,1.0,280.0,104.0,1.0,350.0,113.0,1.0,2.8643345908748885,1.9310025143912368,0.3836031721438274,1.7002483859095314
335.0,123.0,1.0,304.0,181.0,1.0,237.0,181.0,1.0,198.0,268.0,1.0,176.0,294.0,1.0,374.0,180.0,1.0,388.0,272.0,1.0,356.0,214.0,1.0,298.0,413.0,1.0,249.0,411.0,1.0,349.0,418.0,1.0,318.0,108.0,1.0,345.0,110.0,1.0,282.0,105.0,1.0,353.09808349609375,115.11332702636719,0.0,2.86075492896859,1.9922155336827008,0.35315061855779395,1.7075269271288593
338.0,125.0,1.0,307.0,178.0,1.0,240.0,182.0,1.0,200.0,265.0,1.0,180.0,288.0,1.0,373.0,177.0,1.0,384.0,266.0,1.0,355.0,204.0,1.0,298.0,413.0,1.0,249.0,411.0,1.0,350.0,418.0,1.0,322.0,107.0,1.0,349.0,111.0,1.0,284.0,106.0,1.0,356.3770751953125,116.93358612060547,0.0,2.874934595528981,2.0795125715341336,0.31453790255315567,1.6786178404844239
334.0,129.0,1.0,304.0,181.0,1.0,240.0,181.0,1.0,202.0,260.0,1.0,182.0,280.0,1.0,370.0,177.0,1.0,383.0,260.0,1.0,352.0,191.0,1.0,297.0,413.0,1.0,249.0,408.0,1.0,349.0,415.0,1.0,318.0,108.0,1.0,350.0,116.0,1.0,286.0,106.0,1.0,359.69061279296875,116.37188720703125,0.0,2.8045371718689593,2.019139008471511,0.2668868995997384,1.6656285608643226
339.0,120.0,1.0,305.0,178.0,1.0,240.0,180.0,1.0,206.0,253.0,1.0,181.0,282.0,1.0,369.0,174.0,1.0,382.0,256.0,1.0,352.0,183.0,1.0,297.0,413.0,1.0,249.0,408.0,1.0,349.0,415.0,1.0,328.0,109.0,1.0,354.0,111.0,1.0,288.0,107.0,1.0,362.0,117.0,1.0,2.8660105002576706,2.037432825272751,0.23268981295428245,1.6656055677755082
330.0,117.0,1.0,306.0,177.0,1.0,244.0,179.0,1.0,201.0,254.0,1.0,184.0,275.0,1.0,369.0,171.0,1.0,379.0,252.0,1.0,350.0,172.0,1.0,297.0,413.0,1.0,249.0,408.0,1.0,349.0,415.0,1.0,318.0,101.0,1.0,346.0,105.0,1.0,292.0,106.0,1.0,363.0,117.0,1.0,2.9816522624142383,2.12362404272181,0.2249317489791201,1.5986798593300353
330.0,107.0,1.0,306.0,177.0,1.0,244.0,178.0,1.0,204.0,247.0,1.0,187.0,268.0,1.0,368.0,172.0,1.0,378.0,250.0,1.0,350.0,166.0,1.0,297.0,413.0,1.0,249.0,408.0,1.0,349.0,413.0,1.0,318.0,91.0,1.0,346.0,100.0,1.0,293.0,104.0,1.0,363.0,113.0,1.0,2.9864383027378945,2.112290834453849,0.1942409961814036,1.617834873744674
332.0,117.0,1.0,306.0,177.0,1.0,244.0,178.0,1.0,179.0,282.0,1.0,185.0,268.0,1.0,369.0,172.0,1.0,378.0,249.0,1.0,349.0,160.0,1.0,298.0,413.0,1.0,248.0,408.0,1.0,349.0,413.0,1.0,318.0,101.0,1.0,346.0,105.0,1.0,294.0,102.0,1.0,362.0,119.0,1.0,0.15370752905847926,2.1455232759820952,0.19863873525398112,1.60795242103232
332.0,121.0,1.0,306.0,177.0,1.0,244.0,178.0,1.0,169.0,282.0,1.0,186.0,260.0,1.0,368.0,174.0,1.0,378.0,249.0,1.0,349.0,157.0,1.0,298.0,413.0,1.0,248.0,408.0,1.0,349.0,413.0,1.0,318.0,99.0,1.0,346.0,103.0,1.0,295.0,103.0,1.0,363.0,115.0,1.0,0.033106058680599335,2.2117065071401427,0.17280704779196418,1.6549984724396678
340.0,125.0,1.0,306.0,177.0,1.0,245.0,178.0,1.0,167.0,278.0,1.0,187.0,251.0,1.0,367.0,173.0,1.0,378.0,250.0,1.0,348.0,156.0,1.0,298.0,413.0,1.0,247.0,408.0,1.0,349.0,413.0,1.0,319.0,98.0,1.0,348.0,109.0,1.0,295.0,102.0,1.0,363.0,116.0,1.0,0.024877495694457206,2.249614594936053,0.1670336893195787,1.6472133564755957
340.0,127.0,1.0,306.0,177.0,1.0,246.0,177.0,1.0,167.0,276.0,1.0,187.0,247.0,1.0,368.0,175.0,1.0,378.0,251.0,1.0,347.0,156.0,1.0,297.0,413.0,1.0,247.0,408.0,1.0,349.0,416.0,1.0,318.0,95.0,1.0,347.0,106.0,1.0,297.0,103.0,1.0,364.0,116.0,1.0,0.06975856382833583,2.2443042240206688,0.18459412890638352,1.6693768404336997
341.0,128.0,1.0,306.0,177.0,1.0,246.0,177.0,1.0,167.0,277.0,1.0,188.0,240.0,1.0,370.0,176.0,1.0,378.0,252.0,1.0,346.0,156.0,1.0,297.0,413.0,1.0,247.0,408.0,1.0,349.0,416.0,1.0,317.0,94.0,1.0,356.0,113.0,1.0,297.0,103.0,1.0,364.0,117.0,1.0,0.15238289731607324,2.2394098947227175,0.21687361566640828,1.6600495369046537
342.0,127.0,1.0,309.0,176.0,1.0,246.0,177.0,1.0,167.0,276.0,1.0,188.0,235.0,1.0,372.0,176.0,1.0,378.0,253.0,1.0,347.0,160.0,1.0,297.0,413.0,1.0,247.0,408.0,1.0,349.0,416.0,1.0,328.0,105.0,1.0,356.0,113.0,1.0,297.0,103.0,1.0,364.0,117.0,1.0,0.20015185539085675,2.2601759070124587,0.24398561479390968,1.648561266397629
358.0,129.0,1.0,309.0,176.0,1.0,246.0,177.0,1.0,167.0,274.0,1.0,191.0,232.0,1.0,371.0,177.0,1.0,378.0,254.0,1.0,346.0,161.0,1.0,297.0,413.0,1.0,247.0,408.0,1.0,349.0,416.0,1.0,346.0,111.0,1.0,359.0,117.0,1.0,300.0,104.0,1.0,363.0,120.0,1.0,0.16433368167005075,2.270147805703261,0.2407366702635749,1.677583847839278
346.0,129.0,1.0,309.0,176.0,1.0,246.0,177.0,1.0,166.0,273.0,1.0,191.0,231.0,1.0,373.0,176.0,1.0,375.0,252.0,1.0,345.0,162.0,1.0,297.0,413.0,1.0,247.0,408.0,1.0,349.0,416.0,1.0,332.0,107.0,1.0,359.0,117.0,1.0,300.0,105.0,1.0,363.0,120.0,1.0,0.15782753345665693,2.28140628598339,0.2954408371437194,1.5971060440478189
330.0,121.0,1.0,309.0,176.0,1.0,248.0,174.0,1.0,166.0,272.0,1.0,192.0,230.0,1.0,373.0,176.0,1.0,375.0,252.0,1.0,345.0,163.0,1.0,298.0,417.0,1.0,248.0,411.0,1.0,349.0,419.0,1.0,318.0,103.0,1.0,346.0,115.0,1.0,298.0,105.0,1.0,363.0,120.0,1.0,0.14243478532845916,2.2347634639208316,0.29880782778722775,1.5971060440478189
350.0,135.0,1.0,309.0,176.0,1.0,248.0,173.0,1.0,166.0,271.0,1.0,196.0,227.0,1.0,373.0,177.0,1.0,375.0,252.0,1.0,345.0,164.0,1.0,298.0,417.0,1.0,248.0,411.0,1.0,349.0,419.0,1.0,342.0,115.0,1.0,362.0,121.0,1.0,298.0,107.0,1.0,364.0,123.0,1.0,0.09832338805147463,2.2183978739088874,0.30189282217685337,1.6130804037899713
350.0,135.0,1.0,309.0,176.0,1.0,248.0,173.0,1.0,166.0,270.0,1.0,200.0,226.0,1.0,373.0,177.0,1.0,375.0,252.0,1.0,345.0,165.0,1.0,298.0,417.0,1.0,248.0,411.0,1.0,349.0,419.0,1.0,342.0,117.0,1.0,362.0,121.0,1.0,298.0,109.0,1.0,364.2005310058594,123.2051010131836,0.0,0.04390600550906649,2.223450203070152,0.30539911916828777,1.6130804037899713
360.0,137.0,1.0,311.0,174.0,1.0,250.0,172.0,1.0,166.0,268.0,1.0,204.0,223.0,1.0,375.0,174.0,1.0,375.0,252.0,1.0,345.0,169.0,1.0,298.0,417.0,1.0,248.0,411.0,1.0,349.0,419.0,1.0,342.0,119.0,1.0,362.0,121.0,1.0,301.0,112.0,1.0,364.2023010253906,123.47534942626953,0.0,0.017570076755346817,2.2568511820124453,0.34683489758100766,1.5707963267948966
360.0,137.0,1.0,311.0,174.0,1.0,251.0,171.0,1.0,166.0,267.0,1.0,208.0,222.0,1.0,375.0,174.0,1.0,374.0,253.0,1.0,345.0,170.0,1.0,298.0,417.0,1.0,247.0,411.0,1.0,349.0,419.0,1.0,345.0,121.0,1.0,362.0,121.0,1.0,306.0,115.0,1.0,364.2001647949219,123.6484375,0.0,0.026229724452445684,2.2455372690184494,0.34879560261962006,1.5581387749608446
360.0,137.0,1.0,311.0,174.0,1.0,254.0,169.0,1.0,167.0,266.0,1.0,215.0,220.0,1.0,375.0,174.0,1.0,374.0,253.0,1.0,345.0,171.0,1.0,298.0,417.0,1.0,247.0,411.0,1.0,349.0,419.0,1.0,345.0,122.0,1.0,362.0,121.0,1.0,306.0,116.0,1.0,364.1600341796875,123.17877960205078,0.0,0.07556779793236705,2.214404737481648,0.3525879213036729,1.5581387749608446
360.0,137.0,1.0,311.0,174.0,1.0,250.0,169.0,1.0,168.0,265.0,1.0,221.0,216.0,1.0,375.0,174.0,1.0,374.0,253.0,1.0,345.0,172.0,1.0,298.0,417.0,1.0,247.0,411.0,1.0,349.0,419.0,1.0,345.0,123.0,1.0,362.0,121.0,1.0,306.0,117.0,1.0,363.9071350097656,123.13733673095703,0.0,0.11768570456438746,2.195920006937017,0.35646335292420944,1.5581387749608446
360.0,137.0,1.0,311.0,174.0,1.0,254.0,168.0,1.0,168.0,261.0,1.0,229.0,213.0,1.0,375.0,174.0,1.0,374.0,253.0,1.0,345.0,173.0,1.0,299.0,420.0,1.0,248.0,414.0,1.0,350.0,422.0,1.0,347.0,122.0,1.0,362.0,121.0,1.0,305.0,114.0,1.0,363.75506591796875,123.13630676269531,0.0,0.1577915657796251,2.2122313228256627,0.36042453969106714,1.5581387749608446
360.0,137.0,1.0,311.0,174.0,1.0,250.0,169.0,1.0,170.0,260.0,1.0,236.0,212.0,1.0,375.0,174.0,1.0,373.0,254.0,1.0,345.0,172.0,1.0,299.0,420.0,1.0,248.0,414.0,1.0,350.0,422.0,1.0,349.0,121.0,1.0,362.0,121.0,1.0,304.0,112.0,1.0,363.56854248046875,123.12443542480469,0.0,0.2208408524233048,2.210171134133059,0.35404448845925923,1.5458015331759765
360.0,137.0,1.0,311.0,174.0,1.0,253.0,168.0,1.0,173.0,258.0,1.0,242.0,210.0,1.0,375.0,174.0,1.0,373.0,255.0,1.0,345.0,174.0,1.0,299.0,420.0,1.0,248.0,414.0,1.0,349.0,422.0,1.0,347.0,121.0,1.0,362.0,121.0,1.0,301.0,110.0,1.0,363.2909240722656,123.16532135009766,0.0,0.23635198999920956,2.194357058953922,0.3575065549823484,1.5461099847392972
360.0,137.0,1.0,311.0,172.0,1.0,250.0,169.0,1.0,177.0,253.0,1.0,252.0,206.0,1.0,375.0,174.0,1.0,373.0,256.0,1.0,345.0,176.0,1.0,299.0,420.0,1.0,248.0,414.0,1.0,350.0,422.0,1.0,346.0,122.0,1.0,362.0,121.0,1.0,300.0,110.0,1.0,362.9382019042969,123.25202941894531,0.0,0.29555062887680633,2.237104370735543,0.3610602285594457,1.5776507510524465
360.0,137.0,1.0,310.0,173.0,1.0,252.0,169.0,1.0,181.0,250.0,1.0,261.0,202.0,1.0,374.0,174.0,1.0,373.0,259.0,1.0,344.0,175.0,1.0,299.0,420.0,1.0,248.0,414.0,1.0,350.0,422.0,1.0,347.0,121.0,1.0,362.0,121.0,1.0,299.0,112.0,1.0,362.5891418457031,123.17884826660156,0.0,0.3106734646793293,2.2216431993388355,0.34419046853385615,1.5746558922656146
358.0,135.0,1.0,311.0,172.0,1.0,254.0,169.0,1.0,186.0,246.0,1.0,270.0,199.0,1.0,374.0,174.0,1.0,372.0,260.0,1.0,343.0,177.0,1.0,299.0,420.0,1.0,248.0,414.0,1.0,350.0,422.0,1.0,340.0,115.0,1.0,362.0,121.0,1.0,298.0,105.0,1.0,366.0,122.0,1.0,0.33726186424015914,2.2416219873868832,0.3593896735960309,1.5792800775128917
355.0,134.0,1.0,312.0,172.0,1.0,250.0,167.0,1.0,192.0,243.0,1.0,280.0,196.0,1.0,374.0,174.0,1.0,371.0,261.0,1.0,342.0,179.0,1.0,299.0,420.0,1.0,248.0,414.0,1.0,350.0,422.0,1.0,332.0,109.0,1.0,361.0,121.0,1.0,297.0,107.0,1.0,365.369384765625,121.84614562988281,0.0,0.4283802636624102,2.1421944298350124,0.37439947046912836,1.5685741082306426
350.0,132.0,1.0,311.0,174.0,1.0,254.0,167.0,1.0,198.0,239.0,1.0,284.0,193.0,1.0,375.0,175.0,1.0,371.0,261.0,1.0,341.0,182.0,1.0,299.0,420.0,1.0,248.0,414.0,1.0,350.0,422.0,1.0,330.0,110.0,1.0,360.0,121.0,1.0,296.0,108.0,1.0,365.0,121.0,1.0,0.4185895596579493,2.1096443249542283,0.4094039023627358,1.5399419240643706
346.0,130.0,1.0,312.0,173.0,1.0,256.0,166.0,1.0,204.0,235.0,1.0,298.0,186.0,1.0,379.0,175.0,1.0,369.0,263.0,1.0,341.0,184.0,1.0,299.0,420.0,1.0,248.0,414.0,1.0,350.0,422.0,1.0,328.0,109.0,1.0,359.0,121.0,1.0,295.0,108.0,1.0,364.0,121.0,1.0,0.44445676347359947,2.092257251721705,0.45376722200879765,1.4874872298715214
346.0,132.0,1.0,313.0,172.0,1.0,256.0,165.0,1.0,209.0,232.0,1.0,310.0,184.0,1.0,376.0,177.0,1.0,367.0,264.0,1.0,341.0,186.0,1.0,300.0,420.0,1.0,248.0,414.0,1.0,350.0,422.0,1.0,327.0,110.0,1.0,358.0,121.0,1.0,293.0,108.0,1.0,363.0,121.0,1.0,0.5154190867113666,2.060328121159416,0.4248321629193426,1.5469137892416478
346.0,131.0,1.0,314.0,173.0,1.0,257.0,165.0,1.0,213.0,230.0,1.0,311.0,185.0,1.0,364.0,185.0,1.0,369.0,264.0,1.0,342.0,188.0,1.0,300.0,420.0,1.0,248.0,414.0,1.0,350.0,422.0,1.0,328.0,110.0,1.0,358.0,121.0,1.0,294.0,108.0,1.0,363.0,121.0,1.0,0.5452619302550479,2.0264258934091,0.2781490533563868,1.8695481394132203
346.0,130.0,1.0,316.0,175.0,1.0,257.0,164.0,1.0,216.0,230.0,1.0,311.0,183.0,1.0,366.0,182.0,1.0,370.0,265.0,1.0,343.0,194.0,1.0,300.0,420.0,1.0,249.0,414.0,1.0,350.0,422.0,1.0,329.0,110.0,1.0,358.0,122.0,1.0,294.0,110.0,1.0,363.0,121.0,1.0,0.5554972928829359,1.9423427270493554,0.31523762043531484,1.7580477813368833
348.0,131.0,1.0,316.0,175.0,1.0,260.0,166.0,1.0,217.0,230.0,1.0,312.0,180.0,1.0,366.0,183.0,1.0,371.0,266.0,1.0,346.0,196.0,1.0,300.0,420.0,1.0,249.0,414.0,1.0,352.0,424.0,1.0,330.0,111.0,1.0,359.0,122.0,1.0,296.0,110.0,1.0,364.0,121.0,1.0,0.49471868742276187,2.003044396226091,0.2828556892656939,1.7896198401363077
349.0,132.0,1.0,316.0,174.0,1.0,260.0,166.0,1.0,216.0,231.0,1.0,312.0,180.0,1.0,365.0,185.0,1.0,373.0,266.0,1.0,349.0,197.0,1.0,300.0,420.0,1.0,249.0,414.0,1.0,352.0,424.0,1.0,334.0,113.0,1.0,360.0,122.0,1.0,297.0,112.0,1.0,365.0,121.0,1.0,0.4873927520329501,2.0239688958962736,0.2362906781041818,1.890071255736878
351.0,132.0,1.0,316.0,173.0,1.0,260.0,167.0,1.0,213.0,234.0,1.0,313.0,181.0,1.0,366.0,186.0,1.0,374.0,267.0,1.0,351.0,198.0,1.0,300.0,420.0,1.0,249.0,414.0,1.0,352.0,424.0,1.0,335.0,114.0,1.0,362.0,122.0,1.0,298.0,112.0,1.0,366.57232666015625,120.59732818603516,0.0,0.4717107822338318,2.0757876192016353,0.22330439518400858,1.9236105445607956
351.0,132.0,1.0,314.0,173.0,1.0,257.0,168.0,1.0,211.0,237.0,1.0,316.0,184.0,1.0,376.0,177.0,1.0,376.0,267.0,1.0,355.0,199.0,1.0,300.0,420.0,1.0,249.0,414.0,1.0,352.0,424.0,1.0,336.0,113.0,1.0,364.0,121.0,1.0,299.0,112.0,1.0,368.70556640625,118.80857849121094,0.0,0.515343851201172,2.071303589540073,0.2995319890699229,1.6352231662204502
353.0,133.0,1.0,314.0,172.0,1.0,257.0,169.0,1.0,205.0,239.0,1.0,300.0,189.0,1.0,379.0,178.0,1.0,378.0,267.0,1.0,359.0,199.0,1.0,300.0,420.0,1.0,250.0,414.0,1.0,352.0,424.0,1.0,341.0,113.0,1.0,366.0,119.0,1.0,300.0,110.0,1.0,370.92840576171875,116.52889251708984,0.0,0.44740441275398624,2.157127250187842,0.283698631661754,1.6516076934003405
357.0,130.0,1.0,316.0,171.0,1.0,253.0,170.0,1.0,200.0,246.0,1.0,294.0,196.0,1.0,380.0,181.0,1.0,380.0,268.0,1.0,363.0,199.0,1.0,300.0,420.0,1.0,250.0,414.0,1.0,352.0,424.0,1.0,343.0,111.0,1.0,366.0,115.0,1.0,301.0,111.0,1.0,373.17681884765625,113.84744262695312,0.0,0.47298635283064083,2.1638822634396147,0.24156570709532535,1.7257930687188376
360.0,128.0,1.0,317.0,170.0,1.0,252.0,170.0,1.0,196.0,250.0,1.0,283.0,202.0,1.0,383.0,181.0,1.0,382.0,268.0,1.0,366.0,199.0,1.0,300.0,420.0,1.0,251.0,414.0,1.0,353.0,424.0,1.0,345.0,109.0,1.0,368.0,113.0,1.0,300.0,109.0,1.0,374.7954406738281,110.14989471435547,0.0,0.45590440092653484,2.181522291184105,0.23935079543213073,1.724451257494493
354.0,129.0,1.0,317.0,170.0,1.0,252.0,170.0,1.0,191.0,253.0,1.0,276.0,206.0,1.0,383.0,181.0,1.0,384.0,268.0,1.0,366.0,199.0,1.0,300.0,420.0,1.0,250.0,412.0,1.0,353.0,424.0,1.0,334.0,109.0,1.0,367.0,112.0,1.0,300.0,109.0,1.0,376.114501953125,106.51531982421875,0.0,0.43190514377672384,2.204589002754072,0.24368864390578807,1.747438750924554
357.0,129.0,1.0,318.0,170.0,1.0,250.0,170.0,1.0,187.0,256.0,1.0,272.0,211.0,1.0,383.0,181.0,1.0,385.0,268.0,1.0,366.0,198.0,1.0,300.0,420.0,1.0,250.0,412.0,1.0,353.0,424.0,1.0,337.0,109.0,1.0,368.0,111.0,1.0,300.0,109.0,1.0,377.2034912109375,104.96180725097656,0.0,0.4516525463733919,2.2030408754051325,0.24205840245600263,1.7614232220675645
355.0,131.0,1.0,317.0,171.0,1.0,250.0,171.0,1.0,183.0,259.0,1.0,263.0,217.0,1.0,381.0,180.0,1.0,386.0,268.0,1.0,366.0,197.0,1.0,301.0,420.0,1.0,249.0,412.0,1.0,353.0,424.0,1.0,332.0,117.0,1.0,367.0,113.0,1.0,300.0,109.0,1.0,378.25164794921875,104.19898986816406,0.0,0.43661506952325435,2.2215305824993403,0.2178181236175315,1.7672623589061536
354.0,131.0,1.0,317.0,171.0,1.0,250.0,170.0,1.0,181.0,261.0,1.0,262.0,217.0,1.0,382.0,180.0,1.0,389.0,268.0,1.0,367.0,197.0,1.0,301.0,420.0,1.0,249.0,412.0,1.0,353.0,424.0,1.0,333.0,117.0,1.0,367.0,113.0,1.0,300.0,109.0,1.0,378.0,119.0,1.0,0.4244262042093063,2.204627062711173,0.2210988538130073,1.78776137782482
355.0,131.0,1.0,317.0,171.0,1.0,249.0,171.0,1.0,179.0,263.0,1.0,254.0,223.0,1.0,382.0,180.0,1.0,389.0,268.0,1.0,367.0,194.0,1.0,301.0,420.0,1.0,249.0,412.0,1.0,353.0,424.0,1.0,334.0,117.0,1.0,366.0,111.0,1.0,299.0,109.0,1.0,379.0,119.0,1.0,0.4304175869976433,2.2212177403384215,0.2095970954329929,1.78776137782482
355.0,131.0,1.0,317.0,171.0,1.0,248.0,172.0,1.0,174.0,265.0,1.0,245.0,229.0,1.0,382.0,180.0,1.0,389.0,268.0,1.0,368.0,194.0,1.0,301.0,420.0,1.0,249.0,412.0,1.0,353.0,424.0,1.0,335.0,117.0,1.0,367.0,111.0,1.0,299.0,109.0,1.0,379.4717712402344,118.9605484008789,0.0,0.4294179719883414,2.2574008932411904,0.19713563205789983,1.78776137782482
355.0,131.0,1.0,315.0,171.0,1.0,248.0,172.0,1.0,172.0,267.0,1.0,235.0,234.0,1.0,382.0,180.0,1.0,389.0,268.0,1.0,368.0,194.0,1.0,302.0,420.0,1.0,249.0,412.0,1.0,353.0,424.0,1.0,335.0,117.0,1.0,367.0,111.0,1.0,299.0,109.0,1.0,379.0,119.0,1.0,0.41354208954886706,2.260461534008534,0.19713563205789983,1.7837036904463415
355.0,131.0,1.0,315.0,171.0,1.0,247.0,172.0,1.0,171.0,268.0,1.0,227.0,238.0,1.0,379.0,181.0,1.0,389.0,268.0,1.0,368.0,192.0,1.0,302.0,420.0,1.0,248.0,412.0,1.0,353.0,424.0,1.0,335.0,117.0,1.0,366.0,111.0,1.0,298.0,109.0,1.0,378.3965759277344,118.87757110595703,0.0,0.4093482051295601,2.2551400948493856,0.15514877265086294,1.840233373988901
350.0,133.0,1.0,314.0,171.0,1.0,247.0,172.0,1.0,170.0,269.0,1.0,219.0,242.0,1.0,379.0,181.0,1.0,389.0,268.0,1.0,368.0,190.0,1.0,300.0,417.0,1.0,247.0,412.0,1.0,354.0,420.0,1.0,334.0,117.0,1.0,364.0,114.0,1.0,298.0,109.0,1.0,378.0,119.0,1.0,0.39621217254341545,2.2566784499123664,0.14855442641085576,1.8378859604602251
349.0,133.0,1.0,313.0,171.0,1.0,247.0,173.0,1.0,169.0,271.0,1.0,211.0,246.0,1.0,378.0,181.0,1.0,389.0,268.0,1.0,367.0,190.0,1.0,300.0,417.0,1.0,247.0,412.0,1.0,354.0,420.0,1.0,333.0,117.0,1.0,363.0,114.0,1.0,297.0,109.0,1.0,377.0,119.0,1.0,0.3616384022478874,2.2733372685206352,0.14914042072014494,1.8492150759506896
348.0,133.0,1.0,312.0,175.0,1.0,247.0,173.0,1.0,167.0,271.0,1.0,205.0,250.0,1.0,377.0,181.0,1.0,388.0,269.0,1.0,366.0,190.0,1.0,300.0,417.0,1.0,247.0,412.0,1.0,352.0,420.0,1.0,332.0,117.0,1.0,361.0,117.0,1.0,296.0,109.0,1.0,376.0,119.0,1.0,0.38131779082299,2.224653965037208,0.14724459721331412,1.7871981702050648
347.0,133.0,1.0,312.0,175.0,1.0,247.0,173.0,1.0,164.0,272.0,1.0,199.0,254.0,1.0,376.0,181.0,1.0,388.0,269.0,1.0,365.0,190.0,1.0,300.0,417.0,1.0,247.0,412.0,1.0,352.0,420.0,1.0,331.0,117.0,1.0,360.0,117.0,1.0,295.0,109.0,1.0,375.0,119.0,1.0,0.39807406226185194,2.237748308992375,0.14778025038995402,1.7998008219389867
346.0,133.0,1.0,312.0,178.0,1.0,247.0,173.0,1.0,163.0,272.0,1.0,195.0,258.0,1.0,375.0,181.0,1.0,388.0,269.0,1.0,364.0,190.0,1.0,300.0,417.0,1.0,247.0,412.0,1.0,353.0,420.0,1.0,330.0,117.0,1.0,359.0,117.0,1.0,295.0,109.0,1.0,374.0,120.0,1.0,0.45477210241805666,2.197638218304571,0.1482705650516149,1.765045923869073
345.0,133.0,1.0,312.0,178.0,1.0,247.0,173.0,1.0,157.0,266.0,1.0,185.0,263.0,1.0,374.0,181.0,1.0,388.0,269.0,1.0,363.0,190.0,1.0,301.0,417.0,1.0,247.0,412.0,1.0,353.0,420.0,1.0,329.0,117.0,1.0,358.0,118.0,1.0,295.0,109.0,1.0,373.0,120.0,1.0,0.6950544650563178,2.2630306246145615,0.14871582725390792,1.7769144510427535
345.0,133.0,1.0,312.0,178.0,1.0,247.0,173.0,1.0,154.0,269.0,1.0,177.0,266.0,1.0,374.0,181.0,1.0,389.0,272.0,1.0,362.0,190.0,1.0,301.0,417.0,1.0,247.0,412.0,1.0,352.0,420.0,1.0,329.0,117.0,1.0,358.0,119.0,1.0,295.0,109.0,1.0,373.0,121.0,1.0,0.6715673092333263,2.263550915930777,0.15472141900813283,1.7825118615550755
345.0,133.0,1.0,312.0,178.0,1.0,247.0,173.0,1.0,163.0,254.0,1.0,169.0,269.0,1.0,374.0,181.0,1.0,389.0,272.0,1.0,362.0,190.0,1.0,300.0,417.0,1.0,247.0,412.0,1.0,352.0,420.0,1.0,329.0,117.0,1.0,358.0,119.0,1.0,295.0,109.0,1.0,373.0,121.0,1.0,1.9575082980070018,2.2976024139955453,0.15472141900813283,1.7825118615550755
344.0,135.0,1.0,312.0,178.0,1.0,247.0,173.0,1.0,191.0,234.0,1.0,167.0,264.0,1.0,374.0,181.0,1.0,389.0,272.0,1.0,362.0,190.0,1.0,300.0,417.0,1.0,247.0,412.0,1.0,352.0,420.0,1.0,329.0,117.0,1.0,358.0,119.0,1.0,295.0,109.0,1.0,373.0,121.0,1.0,3.073644488180902,2.236713543157563,0.15472141900813283,1.7825118615550755
345.0,135.0,1.0,311.0,181.0,1.0,247.0,172.0,1.0,197.0,234.0,1.0,165.0,268.0,1.0,374.0,183.0,1.0,390.0,272.0,1.0,364.0,195.0,1.0,298.0,412.0,1.0,247.0,412.0,1.0,351.0,419.0,1.0,330.0,117.0,1.0,359.0,119.0,1.0,295.0,110.0,1.0,374.0,121.0,1.0,3.065150740859431,2.1097499432540454,0.14776632233721124,1.780406963329431
346.0,135.0,1.0,311.0,181.0,1.0,247.0,172.0,1.0,195.0,234.0,1.0,156.0,269.0,1.0,375.0,183.0,1.0,390.0,272.0,1.0,365.0,195.0,1.0,298.0,412.0,1.0,248.0,412.0,1.0,347.0,419.0,1.0,331.0,117.0,1.0,360.0,119.0,1.0,295.0,110.0,1.0,375.0,121.0,1.0,3.0000958124114323,2.12899027510079,0.1469680443116125,1.769006329250094
347.0,135.0,1.0,311.0,181.0,1.0,247.0,172.0,1.0,197.0,233.0,1.0,161.0,264.0,1.0,376.0,183.0,1.0,390.0,272.0,1.0,366.0,195.0,1.0,297.0,412.0,1.0,248.0,412.0,1.0,347.0,419.0,1.0,332.0,117.0,1.0,361.0,119.0,1.0,295.0,110.0,1.0,376.0,121.0,1.0,2.968327271308248,2.1177090238355185,0.14612038053838647,1.7575806958664173
348.0,135.0,1.0,311.0,181.0,1.0,247.0,172.0,1.0,197.0,233.0,1.0,158.0,260.0,1.0,377.0,183.0,1.0,391.0,272.0,1.0,367.0,195.0,1.0,297.0,412.0,1.0,248.0,412.0,1.0,348.0,419.0,1.0,332.0,119.0,1.0,362.0,119.0,1.0,295.0,110.0,1.0,377.0,121.0,1.0,2.8629625617296526,2.1177090238355185,0.14612038053838647,1.757114929714723
349.0,135.0,1.0,311.0,181.0,1.0,247.0,172.0,1.0,198.0,232.0,1.0,161.0,260.0,1.0,374.0,185.0,1.0,391.0,272.0,1.0,370.0,195.0,1.0,297.0,412.0,1.0,248.0,412.0,1.0,348.0,419.0,1.0,333.0,119.0,1.0,363.0,119.0,1.0,295.0,110.0,1.0,378.0,121.0,1.0,2.9034289996645954,2.115908698448333,0.07328123918535678,1.8271740887272983
349.0,136.0,1.0,311.0,181.0,1.0,247.0,172.0,1.0,198.0,232.0,1.0,167.0,256.0,1.0,374.0,186.0,1.0,390.0,273.0,1.0,370.0,195.0,1.0,297.0,412.0,1.0,248.0,412.0,1.0,348.0,419.0,1.0,333.0,119.0,1.0,363.0,120.0,1.0,295.0,110.0,1.0,378.0,122.0,1.0,2.9144236088549733,2.115908698448333,0.06912694491557941,1.8318711394918021
348.0,137.0,1.0,311.0,181.0,1.0,247.0,172.0,1.0,199.0,233.0,1.0,172.0,257.0,1.0,373.0,186.0,1.0,389.0,273.0,1.0,369.0,196.0,1.0,298.0,412.0,1.0,248.0,412.0,1.0,347.0,420.0,1.0,332.0,120.0,1.0,362.0,121.0,1.0,296.0,113.0,1.0,377.0,126.0,1.0,2.9641314937308945,2.097780278760004,0.07224900782817836,1.8331430797878114
346.0,138.0,1.0,311.0,181.0,1.0,247.0,172.0,1.0,189.0,242.0,1.0,167.0,264.0,1.0,374.0,185.0,1.0,388.0,274.0,1.0,367.0,197.0,1.0,297.0,415.0,1.0,248.0,412.0,1.0,345.0,420.0,1.0,330.0,121.0,1.0,360.0,122.0,1.0,296.0,113.0,1.0,375.0,127.0,1.0,3.0481158724312047,2.1230088347445917,0.11022720614987494,1.79022812176278
344.0,139.0,1.0,311.0,181.0,1.0,247.0,172.0,1.0,153.0,260.0,1.0,176.0,260.0,1.0,373.0,186.0,1.0,387.0,274.0,1.0,366.0,198.0,1.0,298.0,418.0,1.0,248.0,412.0,1.0,350.0,419.0,1.0,328.0,122.0,1.0,358.0,123.0,1.0,296.0,113.0,1.0,374.0,126.0,1.0,0.7524430657831503,2.249440713517479,0.11182034032497133,1.8090360756563115
342.0,140.0,1.0,311.0,181.0,1.0,247.0,172.0,1.0,151.0,260.0,1.0,183.0,258.0,1.0,375.0,185.0,1.0,386.0,275.0,1.0,365.0,199.0,1.0,298.0,418.0,1.0,248.0,412.0,1.0,350.0,419.0,1.0,327.0,123.0,1.0,358.0,122.0,1.0,296.0,113.0,1.0,373.0,124.0,1.0,0.6795284580099601,2.259936511294712,0.14797005465957996,1.7548341600522006
343.0,139.0,1.0,311.0,181.0,1.0,247.0,172.0,1.0,151.0,264.0,1.0,183.0,252.0,1.0,374.0,185.0,1.0,387.0,274.0,1.0,364.0,199.0,1.0,298.0,418.0,1.0,248.0,412.0,1.0,350.0,419.0,1.0,326.0,123.0,1.0,359.0,121.0,1.0,296.0,113.0,1.0,373.0,122.0,1.0,0.40535410710281494,2.2377590019272424,0.15252002641119927,1.779244977088334
343.0,140.0,1.0,311.0,181.0,1.0,248.0,172.0,1.0,153.0,264.0,1.0,191.0,249.0,1.0,374.0,185.0,1.0,387.0,274.0,1.0,364.0,199.0,1.0,298.0,418.0,1.0,247.0,412.0,1.0,349.0,422.0,1.0,326.0,123.0,1.0,359.0,122.0,1.0,296.0,113.0,1.0,372.0,123.0,1.0,0.39339580487949855,2.230338840234825,0.15252002641119927,1.779244977088334
343.0,140.0,1.0,311.0,181.0,1.0,248.0,172.0,1.0,155.0,264.0,1.0,202.0,245.0,1.0,374.0,185.0,1.0,387.0,274.0,1.0,364.0,199.0,1.0,298.0,418.0,1.0,247.0,412.0,1.0,348.0,422.0,1.0,326.0,123.0,1.0,359.0,122.0,1.0,296.0,113.0,1.0,372.0,123.0,1.0,0.3958234462443001,2.2197027883487297,0.15252002641119927,1.779244977088334
344.0,140.0,1.0,311.0,181.0,1.0,248.0,172.0,1.0,156.0,264.0,1.0,204.0,244.0,1.0,375.0,185.0,1.0,390.0,275.0,1.0,365.0,199.0,1.0,298.0,418.0,1.0,247.0,412.0,1.0,348.0,422.0,1.0,327.0,123.0,1.0,360.0,122.0,1.0,296.0,113.0,1.0,373.0,123.0,1.0,0.39060704369768634,2.214297435588181,0.1526493283952652,1.7983638142054807
346.0,140.0,1.0,311.0,181.0,1.0,248.0,172.0,1.0,157.0,264.0,1.0,215.0,237.0,1.0,376.0,185.0,1.0,390.0,275.0,1.0,366.0,199.0,1.0,297.0,418.0,1.0,247.0,412.0,1.0,348.0,422.0,1.0,329.0,123.0,1.0,362.0,122.0,1.0,296.0,113.0,1.0,375.0,123.0,1.0,0.35517971685099575,2.208833009103693,0.1515600954787338,1.7865760586037815
348.0,140.0,1.0,311.0,181.0,1.0,248.0,172.0,1.0,159.0,264.0,1.0,216.0,234.0,1.0,378.0,185.0,1.0,391.0,275.0,1.0,367.0,199.0,1.0,297.0,418.0,1.0,247.0,412.0,1.0,348.0,422.0,1.0,331.0,123.0,1.0,364.0,122.0,1.0,296.0,113.0,1.0,377.0,123.0,1.0,0.3174933024730424,2.1977243674755638,0.16242660810119314,1.7738793032297249
347.0,140.0,1.0,312.0,181.0,1.0,248.0,171.0,1.0,161.0,263.0,1.0,225.0,231.0,1.0,377.0,184.0,1.0,392.0,275.0,1.0,369.0,199.0,1.0,297.0,418.0,1.0,247.0,412.0,1.0,348.0,422.0,1.0,333.0,123.0,1.0,363.0,123.0,1.0,296.0,113.0,1.0,379.0,123.0,1.0,0.34967625378925443,2.1732720488757917,0.13050318692419238,1.7802835909176837
349.0,140.0,1.0,313.0,181.0,1.0,248.0,171.0,1.0,163.0,262.0,1.0,233.0,228.0,1.0,375.0,184.0,1.0,393.0,275.0,1.0,371.0,199.0,1.0,297.0,418.0,1.0,247.0,412.0,1.0,348.0,422.0,1.0,333.0,122.0,1.0,363.0,122.0,1.0,296.0,113.0,1.0,381.2242431640625,123.15055847167969,0.0,0.36732201269868053,2.169467450210072,0.08649046917845019,1.8144271115416988
349.0,140.0,1.0,312.0,179.0,1.0,249.0,170.0,1.0,165.0,261.0,1.0,245.0,223.0,1.0,364.0,183.0,1.0,394.0,275.0,1.0,373.0,199.0,1.0,297.0,418.0,1.0,247.0,412.0,1.0,349.0,422.0,1.0,335.0,122.0,1.0,363.0,123.0,1.0,297.0,113.0,1.0,382.9062194824219,123.33499908447266,0.0,0.38192851410100015,2.174318748464891,0.045625621829784906,1.9627829178153857
349.0,139.0,1.0,313.0,179.0,1.0,249.0,169.0,1.0,167.0,260.0,1.0,254.0,220.0,1.0,366.0,183.0,1.0,395.0,275.0,1.0,375.0,199.0,1.0,297.0,418.0,1.0,248.0,413.0,1.0,350.0,422.0,1.0,337.0,122.0,1.0,363.0,122.0,1.0,297.0,112.0,1.0,385.2611389160156,123.7002182006836,0.0,0.40642544156598315,2.1492214826994926,0.048034865117545796,1.9514837977118737
349.0,138.0,1.0,311.0,180.0,1.0,249.0,168.0,1.0,170.0,259.0,1.0,263.0,217.0,1.0,365.0,185.0,1.0,394.0,278.0,1.0,377.0,199.0,1.0,297.0,418.0,1.0,248.0,413.0,1.0,351.0,422.0,1.0,339.0,122.0,1.0,363.0,122.0,1.0,298.0,112.0,1.0,387.51837158203125,124.04417419433594,0.0,0.43167510007247706,2.0945386860165347,0.09031486133749564,1.9653981601066102
349.0,139.0,1.0,312.0,180.0,1.0,250.0,167.0,1.0,173.0,258.0,1.0,267.0,215.0,1.0,367.0,186.0,1.0,394.0,279.0,1.0,379.0,200.0,1.0,297.0,418.0,1.0,248.0,413.0,1.0,352.0,422.0,1.0,339.0,122.0,1.0,365.0,123.0,1.0,299.0,112.0,1.0,389.5458984375,124.83611297607422,0.0,0.4395099852408445,2.0663700398196547,0.0949151806652207,1.962012495105072
349.0,140.0,1.0,313.0,179.0,1.0,250.0,167.0,1.0,179.0,256.0,1.0,271.0,214.0,1.0,369.0,187.0,1.0,395.0,279.0,1.0,381.0,200.0,1.0,297.0,418.0,1.0,248.0,413.0,1.0,351.0,422.0,1.0,339.0,123.0,1.0,364.0,124.0,1.0,299.0,112.0,1.0,391.35040283203125,125.53630065917969,0.0,0.4691629729467813,2.055944022461586,0.10003188315261143,1.9881194850950958
350.0,140.0,1.0,314.0,178.0,1.0,251.0,166.0,1.0,183.0,254.0,1.0,275.0,213.0,1.0,371.0,186.0,1.0,395.0,280.0,1.0,382.0,201.0,1.0,296.0,418.0,1.0,248.0,413.0,1.0,351.0,422.0,1.0,340.0,123.0,1.0,365.0,125.0,1.0,300.0,112.0,1.0,392.70635986328125,126.33686065673828,0.0,0.4936753278587913,2.0404634266723356,0.08688332925058204,1.9602150053470568
350.0,139.0,1.0,315.0,178.0,1.0,252.0,165.0,1.0,186.0,252.0,1.0,281.0,210.0,1.0,372.0,187.0,1.0,393.0,280.0,1.0,381.0,205.0,1.0,296.0,418.0,1.0,248.0,413.0,1.0,351.0,422.0,1.0,341.0,123.0,1.0,364.0,124.0,1.0,300.0,112.0,1.0,393.6439208984375,127.00306701660156,0.0,0.5055314699414539,2.0162988405338345,0.06342663971907836,1.949480105682392
350.0,140.0,1.0,314.0,176.0,1.0,252.0,165.0,1.0,190.0,250.0,1.0,286.0,206.0,1.0,371.0,186.0,1.0,393.0,280.0,1.0,381.0,205.0,1.0,296.0,418.0,1.0,248.0,413.0,1.0,352.0,422.0,1.0,342.0,123.0,1.0,364.0,125.0,1.0,300.0,112.0,1.0,393.85443115234375,127.45381164550781,0.0,0.5108401381536581,2.0253980743892663,0.07124916594550344,1.974371953268375
349.0,140.0,1.0,314.0,176.0,1.0,252.0,164.0,1.0,194.0,248.0,1.0,295.0,203.0,1.0,368.0,185.0,1.0,392.0,280.0,1.0,380.0,206.0,1.0,297.0,418.0,1.0,248.0,411.0,1.0,352.0,419.0,1.0,341.0,123.0,1.0,363.0,125.0,1.0,300.0,112.0,1.0,393.0521545410156,127.8866195678711,0.0,0.5473482169619956,1.9839173740641118,0.0866911649706454,1.9833989098060016
347.0,140.0,1.0,314.0,176.0,1.0,253.0,163.0,1.0,199.0,245.0,1.0,301.0,200.0,1.0,366.0,185.0,1.0,391.0,279.0,1.0,378.0,206.0,1.0,297.0,418.0,1.0,248.0,411.0,1.0,352.0,419.0,1.0,340.0,123.0,1.0,362.0,125.0,1.0,300.0,112.0,1.0,391.472412109375,128.2595672607422,0.0,0.5729512847100228,1.9431757600767163,0.08370544245185348,2.0021155933729324
344.0,140.0,1.0,314.0,176.0,1.0,254.0,163.0,1.0,204.0,243.0,1.0,311.0,196.0,1.0,368.0,184.0,1.0,389.0,278.0,1.0,377.0,211.0,1.0,297.0,418.0,1.0,248.0,411.0,1.0,353.0,419.0,1.0,338.0,123.0,1.0,360.0,125.0,1.0,299.0,112.0,1.0,389.0071716308594,127.99307250976562,0.0,0.5983167032005948,1.916026999986651,0.0425696865743122,1.9376697537073315
344.0,138.0,1.0,313.0,174.0,1.0,254.0,163.0,1.0,213.0,240.0,1.0,319.0,195.0,1.0,368.0,183.0,1.0,387.0,277.0,1.0,374.0,210.0,1.0,297.0,418.0,1.0,248.0,411.0,1.0,352.0,421.0,1.0,335.0,122.0,1.0,359.0,123.0,1.0,299.0,112.0,1.0,385.49169921875,127.42593383789062,0.0,0.6800422622102872,1.8757549354176812,0.007792050087556344,1.9324357070325138
344.0,137.0,1.0,312.0,174.0,1.0,254.0,163.0,1.0,218.0,238.0,1.0,324.0,191.0,1.0,367.0,184.0,1.0,385.0,276.0,1.0,371.0,209.0,1.0,297.0,418.0,1.0,248.0,411.0,1.0,352.0,421.0,1.0,331.0,121.0,1.0,359.0,122.0,1.0,298.0,112.0,1.0,381.5375671386719,126.34471130371094,0.0,0.7059276785772443,1.830887189508393,0.012779852828020475,1.943861310435181
340.0,136.0,1.0,310.0,173.0,1.0,254.0,162.0,1.0,222.0,237.0,1.0,324.0,188.0,1.0,365.0,185.0,1.0,386.0,273.0,1.0,368.0,208.0,1.0,297.0,418.0,1.0,248.0,411.0,1.0,351.0,421.0,1.0,327.0,120.0,1.0,358.0,121.0,1.0,298.0,112.0,1.0,377.8824768066406,124.9697265625,0.0,0.7196761956148279,1.7801186612538396,0.03589798611715903,2.019866940790806
342.0,136.0,1.0,308.0,172.0,1.0,254.0,161.0,1.0,224.0,236.0,1.0,322.0,186.0,1.0,366.0,186.0,1.0,386.0,271.0,1.0,365.0,207.0,1.0,297.0,418.0,1.0,248.0,414.0,1.0,351.0,421.0,1.0,327.0,119.0,1.0,359.0,120.0,1.0,298.0,112.0,1.0,375.0,123.0,1.0,0.7185124385017816,1.7503484402191645,0.08596508601325054,2.038735754937714
343.0,135.0,1.0,311.0,172.0,1.0,256.0,161.0,1.0,223.0,236.0,1.0,321.0,185.0,1.0,374.0,185.0,1.0,385.0,270.0,1.0,364.0,206.0,1.0,297.0,418.0,1.0,247.0,414.0,1.0,351.0,421.0,1.0,328.0,118.0,1.0,360.0,119.0,1.0,298.0,112.0,1.0,374.0,123.0,1.0,0.6764489266917828,1.7879076415298019,0.18835925193113234,1.9029858733304734
345.0,133.0,1.0,311.0,172.0,1.0,254.0,161.0,1.0,221.0,237.0,1.0,323.0,185.0,1.0,373.0,184.0,1.0,384.0,270.0,1.0,364.0,205.0,1.0,298.0,421.0,1.0,248.0,414.0,1.0,350.0,424.0,1.0,330.0,116.0,1.0,360.0,117.0,1.0,299.0,110.0,1.0,374.0,122.0,1.0,0.6896902681091515,1.789803529505639,0.1712827145182912,1.8891970034597991
356.0,131.0,1.0,314.0,171.0,1.0,256.0,163.0,1.0,218.0,237.0,1.0,321.0,185.0,1.0,378.0,183.0,1.0,384.0,270.0,1.0,365.0,203.0,1.0,298.0,421.0,1.0,248.0,414.0,1.0,350.0,424.0,1.0,335.0,116.0,1.0,364.0,115.0,1.0,300.0,110.0,1.0,375.0,120.0,1.0,0.6288728854194962,1.9081300352766162,0.2074707856740203,1.825000766091636
358.0,129.0,1.0,315.0,171.0,1.0,254.0,164.0,1.0,213.0,239.0,1.0,316.0,187.0,1.0,380.0,181.0,1.0,385.0,270.0,1.0,364.0,189.0,1.0,298.0,421.0,1.0,248.0,414.0,1.0,350.0,424.0,1.0,337.0,114.0,1.0,365.0,113.0,1.0,301.0,110.0,1.0,376.0,117.0,1.0,0.6029923399865514,1.9568224270583092,0.19755331343746615,1.7795664378913383
361.0,127.0,1.0,316.0,171.0,1.0,252.0,164.0,1.0,207.0,243.0,1.0,309.0,193.0,1.0,380.0,183.0,1.0,386.0,270.0,1.0,365.0,192.0,1.0,298.0,421.0,1.0,248.0,414.0,1.0,350.0,424.0,1.0,340.0,112.0,1.0,367.0,111.0,1.0,302.0,110.0,1.0,377.9215087890625,114.44232177734375,0.0,0.5972407122055047,1.9796362284177174,0.19413824237987407,1.825000766091636
346.0,129.0,1.0,317.0,171.0,1.0,251.0,164.0,1.0,202.0,245.0,1.0,300.0,196.0,1.0,382.0,182.0,1.0,387.0,270.0,1.0,368.0,188.0,1.0,297.0,421.0,1.0,247.0,414.0,1.0,350.0,424.0,1.0,332.0,113.0,1.0,362.0,115.0,1.0,302.0,110.0,1.0,378.0,117.0,1.0,0.5631060449720461,2.0091734175170854,0.17093216194656158,1.7951959224482057
348.0,130.0,1.0,317.0,171.0,1.0,250.0,165.0,1.0,198.0,247.0,1.0,291.0,199.0,1.0,381.0,182.0,1.0,388.0,270.0,1.0,370.0,187.0,1.0,300.0,421.0,1.0,248.0,414.0,1.0,350.0,424.0,1.0,332.0,115.0,1.0,364.0,116.0,1.0,302.0,110.0,1.0,379.0,120.0,1.0,0.5291794673144306,2.046631773808434,0.13418211892091403,1.8203865666399446
350.0,129.0,1.0,315.0,171.0,1.0,249.0,166.0,1.0,193.0,251.0,1.0,285.0,203.0,1.0,379.0,182.0,1.0,388.0,270.0,1.0,371.0,186.0,1.0,300.0,421.0,1.0,248.0,414.0,1.0,350.0,424.0,1.0,333.0,114.0,1.0,366.0,115.0,1.0,302.0,110.0,1.0,381.3306579589844,118.63883972167969,0.0,0.5073559803862058,2.0777362497714216,0.09776551789422812,1.842926619561245
352.0,131.0,1.0,315.0,171.0,1.0,248.0,166.0,1.0,188.0,253.0,1.0,277.0,206.0,1.0,380.0,181.0,1.0,388.0,269.0,1.0,372.0,185.0,1.0,299.0,421.0,1.0,248.0,414.0,1.0,350.0,424.0,1.0,335.0,116.0,1.0,367.0,114.0,1.0,302.0,110.0,1.0,382.7764587402344,117.42105865478516,0.0,0.4811808190699353,2.1000568699784514,0.09756161810402501,1.814105542390907
352.0,133.0,1.0,315.0,171.0,1.0,247.0,168.0,1.0,185.0,255.0,1.0,274.0,208.0,1.0,378.0,182.0,1.0,388.0,269.0,1.0,372.0,184.0,1.0,299.0,419.0,1.0,247.0,414.0,1.0,349.0,424.0,1.0,335.0,115.0,1.0,366.0,115.0,1.0,302.0,110.0,1.0,383.35723876953125,116.71073150634766,0.0,0.465768805336909,2.145868616527287,0.07161787187894032,1.858097238852105
350.0,134.0,1.0,314.0,171.0,1.0,246.0,169.0,1.0,182.0,257.0,1.0,267.0,211.0,1.0,378.0,181.0,1.0,388.0,269.0,1.0,372.0,183.0,1.0,299.0,419.0,1.0,247.0,414.0,1.0,349.0,424.0,1.0,335.0,117.0,1.0,364.0,117.0,1.0,301.0,110.0,1.0,383.2804870605469,115.90583038330078,0.0,0.44595636201328587,2.170189325006324,0.07079247494669232,1.8389440503093222
349.0,133.0,1.0,313.0,171.0,1.0,248.0,169.0,1.0,179.0,259.0,1.0,260.0,214.0,1.0,377.0,180.0,1.0,387.0,269.0,1.0,371.0,182.0,1.0,300.0,419.0,1.0,247.0,414.0,1.0,348.0,424.0,1.0,334.0,117.0,1.0,363.0,116.0,1.0,300.0,110.0,1.0,382.494140625,115.1961898803711,0.0,0.40961509798819984,2.1941195251387877,0.06998547555577835,1.8223954672557363
348.0,133.0,1.0,312.0,172.0,1.0,248.0,170.0,1.0,175.0,261.0,1.0,254.0,217.0,1.0,376.0,180.0,1.0,387.0,269.0,1.0,370.0,182.0,1.0,300.0,419.0,1.0,247.0,414.0,1.0,348.0,424.0,1.0,333.0,117.0,1.0,362.0,116.0,1.0,299.0,110.0,1.0,381.1761779785156,114.86347961425781,0.0,0.38654407945001823,2.2156361228741766,0.06999894040127204,1.8181231909059552
347.0,133.0,1.0,311.0,172.0,1.0,248.0,171.0,1.0,173.0,263.0,1.0,248.0,220.0,1.0,375.0,180.0,1.0,387.0,269.0,1.0,369.0,182.0,1.0,300.0,419.0,1.0,247.0,415.0,1.0,348.0,424.0,1.0,332.0,117.0,1.0,361.0,116.0,1.0,298.0,110.0,1.0,379.80755615234375,114.90909576416016,0.0,0.3662642852052725,2.238875851901071,0.0699947780124866,1.8291745229217213
346.0,133.0,1.0,310.0,172.0,1.0,247.0,171.0,1.0,172.0,265.0,1.0,250.0,217.0,1.0,374.0,180.0,1.0,387.0,269.0,1.0,368.0,182.0,1.0,299.0,418.0,1.0,247.0,415.0,1.0,347.0,425.0,1.0,331.0,117.0,1.0,360.0,116.0,1.0,297.0,110.0,1.0,378.8904113769531,114.97588348388672,0.0,0.3456991026113584,2.228366885458098,0.06997318342089788,1.8401930196682637
345.0,133.0,1.0,309.0,172.0,1.0,247.0,172.0,1.0,170.0,266.0,1.0,243.0,220.0,1.0,373.0,180.0,1.0,387.0,269.0,1.0,367.0,182.0,1.0,299.0,418.0,1.0,247.0,415.0,1.0,347.0,425.0,1.0,330.0,117.0,1.0,359.0,116.0,1.0,297.0,113.0,1.0,377.0,118.0,1.0,0.3222029748151792,2.257104876432068,0.06993437468759235,1.8511761643427094
344.0,133.0,1.0,309.0,172.0,1.0,247.0,173.0,1.0,168.0,267.0,1.0,236.0,223.0,1.0,373.0,180.0,1.0,388.0,268.0,1.0,367.0,182.0,1.0,299.0,418.0,1.0,247.0,415.0,1.0,348.0,424.0,1.0,329.0,117.0,1.0,358.0,116.0,1.0,296.0,113.0,1.0,376.0,118.0,1.0,0.29758223314112137,2.2858332241176065,0.07066736389903897,1.8639832233527789
344.0,133.0,1.0,308.0,175.0,1.0,247.0,173.0,1.0,166.0,268.0,1.0,228.0,226.0,1.0,373.0,180.0,1.0,388.0,268.0,1.0,367.0,182.0,1.0,298.0,418.0,1.0,248.0,415.0,1.0,348.0,424.0,1.0,329.0,117.0,1.0,358.0,116.0,1.0,295.0,113.0,1.0,376.0,118.0,1.0,0.26936660247828964,2.244041031228696,0.07066736389903897,1.8164001200757953
344.0,133.0,1.0,306.0,177.0,1.0,246.0,172.0,1.0,163.0,268.0,1.0,220.0,229.0,1.0,370.0,182.0,1.0,388.0,268.0,1.0,367.0,182.0,1.0,297.0,418.0,1.0,247.0,415.0,1.0,347.0,424.0,1.0,329.0,117.0,1.0,358.0,116.0,1.0,295.0,113.0,1.0,375.8411560058594,118.0370101928711,0.0,0.2578463630071232,2.200554845292475,0.03317537188044288,1.8550868546561563
344.0,133.0,1.0,306.0,177.0,1.0,246.0,172.0,1.0,161.0,268.0,1.0,211.0,232.0,1.0,370.0,182.0,1.0,388.0,268.0,1.0,367.0,182.0,1.0,298.0,418.0,1.0,247.0,415.0,1.0,347.0,424.0,1.0,329.0,117.0,1.0,358.0,116.0,1.0,295.0,113.0,1.0,375.788818359375,118.42330932617188,0.0,0.22207393587264374,2.212354432851951,0.03317537188044288,1.8550868546561563
344.0,133.0,1.0,304.0,179.0,1.0,246.0,172.0,1.0,159.0,268.0,1.0,205.0,235.0,1.0,366.0,184.0,1.0,388.0,268.0,1.0,367.0,182.0,1.0,298.0,418.0,1.0,247.0,415.0,1.0,347.0,421.0,1.0,329.0,117.0,1.0,358.0,116.0,1.0,295.0,113.0,1.0,375.79766845703125,118.75831604003906,0.0,0.21223602662626062,2.186945020209412,0.016652116655446844,1.907418720625961
344.0,133.0,1.0,304.0,179.0,1.0,245.0,173.0,1.0,156.0,269.0,1.0,198.0,241.0,1.0,366.0,184.0,1.0,388.0,268.0,1.0,367.0,182.0,1.0,298.0,418.0,1.0,247.0,413.0,1.0,347.0,421.0,1.0,329.0,117.0,1.0,358.0,116.0,1.0,295.0,113.0,1.0,375.9310607910156,119.1749038696289,0.0,0.23521535568129776,2.21702819109526,0.016652116655446844,1.907418720625961
344.0,134.0,1.0,304.0,179.0,1.0,244.0,172.0,1.0,155.0,270.0,1.0,191.0,247.0,1.0,366.0,185.0,1.0,385.0,270.0,1.0,367.0,183.0,1.0,298.0,418.0,1.0,247.0,413.0,1.0,348.0,419.0,1.0,329.0,117.0,1.0,358.0,117.0,1.0,295.0,113.0,1.0,376.2185974121094,120.06377410888672,0.0,0.26496484898095973,2.191961629997803,0.015896295650075366,1.8871843772201073
344.0,135.0,1.0,304.0,179.0,1.0,244.0,172.0,1.0,153.0,268.0,1.0,183.0,252.0,1.0,366.0,186.0,1.0,385.0,270.0,1.0,367.0,184.0,1.0,298.0,418.0,1.0,247.0,413.0,1.0,348.0,419.0,1.0,329.0,118.0,1.0,358.0,118.0,1.0,295.0,113.0,1.0,376.2154846191406,120.81494140625,0.0,0.3221724359635128,2.213321264492562,0.016123371396224512,1.9056707230510284
344.0,136.0,1.0,302.0,181.0,1.0,244.0,172.0,1.0,151.0,266.0,1.0,185.0,256.0,1.0,366.0,187.0,1.0,385.0,270.0,1.0,367.0,185.0,1.0,298.0,418.0,1.0,247.0,413.0,1.0,348.0,419.0,1.0,329.0,119.0,1.0,358.0,119.0,1.0,295.0,113.0,1.0,376.347900390625,122.00227355957031,0.0,0.5046942642892807,2.1969022831248446,0.01635652415757987,1.8893113944460913
344.0,137.0,1.0,302.0,181.0,1.0,244.0,172.0,1.0,150.0,270.0,1.0,175.0,258.0,1.0,366.0,188.0,1.0,388.0,271.0,1.0,367.0,186.0,1.0,298.0,418.0,1.0,247.0,413.0,1.0,348.0,419.0,1.0,329.0,120.0,1.0,358.0,120.0,1.0,295.0,113.0,1.0,376.0,123.0,1.0,0.3587085082764957,2.181419505697778,0.01689343066978485,1.9388403015641726
343.0,138.0,1.0,302.0,181.0,1.0,244.0,172.0,1.0,195.0,240.0,1.0,169.0,260.0,1.0,366.0,189.0,1.0,388.0,272.0,1.0,367.0,187.0,1.0,298.0,418.0,1.0,246.0,413.0,1.0,348.0,419.0,1.0,329.0,121.0,1.0,357.0,121.0,1.0,295.0,113.0,1.0,375.56146240234375,124.52631378173828,0.0,2.8509023026630733,2.0412620119631875,0.01689343066978485,1.9542533391210684
343.0,138.0,1.0,302.0,181.0,1.0,244.0,172.0,1.0,194.0,239.0,1.0,170.0,259.0,1.0,368.0,187.0,1.0,390.0,272.0,1.0,366.0,188.0,1.0,297.0,415.0,1.0,247.0,411.0,1.0,347.0,417.0,1.0,328.0,122.0,1.0,356.0,122.0,1.0,295.0,113.0,1.0,374.3548889160156,125.78424072265625,0.0,2.906643371851306,2.0579604311962525,0.025033892774358284,1.9147219802263946
341.0,140.0,1.0,302.0,181.0,1.0,244.0,172.0,1.0,195.0,238.0,1.0,172.0,257.0,1.0,371.0,187.0,1.0,390.0,272.0,1.0,365.0,190.0,1.0,297.0,415.0,1.0,247.0,411.0,1.0,347.0,417.0,1.0,326.0,123.0,1.0,357.0,123.0,1.0,295.0,113.0,1.0,373.0,127.0,1.0,2.8998777510035736,2.0554866294905314,0.0760117632215835,1.8774489407135055
342.0,140.0,1.0,305.0,181.0,1.0,241.0,172.0,1.0,157.0,272.0,1.0,181.0,253.0,1.0,373.0,186.0,1.0,390.0,272.0,1.0,363.0,191.0,1.0,297.0,415.0,1.0,247.0,411.0,1.0,347.0,417.0,1.0,327.0,122.0,1.0,357.0,122.0,1.0,295.0,113.0,1.0,370.0,128.0,1.0,0.20249755639679679,2.129747277227196,0.12659212727997174,1.8393520798131784
346.0,133.0,1.0,308.0,179.0,1.0,242.0,173.0,1.0,157.0,267.0,1.0,190.0,251.0,1.0,373.0,185.0,1.0,388.0,273.0,1.0,360.0,195.0,1.0,297.0,418.0,1.0,246.0,411.0,1.0,347.0,420.0,1.0,326.0,121.0,1.0,357.0,120.0,1.0,295.0,113.0,1.0,368.0,126.0,1.0,0.384182096704235,2.215297578132259,0.1758154136069052,1.8316750776694242
343.0,133.0,1.0,307.0,180.0,1.0,242.0,173.0,1.0,158.0,264.0,1.0,196.0,250.0,1.0,373.0,185.0,1.0,385.0,273.0,1.0,358.0,198.0,1.0,297.0,418.0,1.0,246.0,411.0,1.0,347.0,420.0,1.0,330.0,117.0,1.0,355.0,119.0,1.0,295.0,113.0,1.0,363.0,124.0,1.0,0.4723864626938275,2.208936947420652,0.21002786659621175,1.7819371840172271
341.0,133.0,1.0,309.0,179.0,1.0,245.0,171.0,1.0,153.0,268.0,1.0,193.0,248.0,1.0,373.0,185.0,1.0,384.0,272.0,1.0,355.0,199.0,1.0,297.0,418.0,1.0,247.0,411.0,1.0,346.0,420.0,1.0,327.0,117.0,1.0,355.0,120.0,1.0,295.0,113.0,1.0,362.0,125.0,1.0,0.34819941176276104,2.2053906382794644,0.2523728945620738,1.7900425287140138
346.0,137.0,1.0,308.0,180.0,1.0,246.0,171.0,1.0,155.0,267.0,1.0,202.0,243.0,1.0,372.0,185.0,1.0,381.0,272.0,1.0,352.0,200.0,1.0,298.0,418.0,1.0,247.0,411.0,1.0,346.0,420.0,1.0,326.0,120.0,1.0,357.0,124.0,1.0,295.0,113.0,1.0,359.4590759277344,129.4122314453125,0.0,0.3400077798134643,2.185308504259398,0.2798171085232437,1.751844569149139
342.0,140.0,1.0,306.0,182.0,1.0,246.0,171.0,1.0,158.0,267.0,1.0,208.0,238.0,1.0,372.0,185.0,1.0,380.0,272.0,1.0,352.0,203.0,1.0,296.0,421.0,1.0,248.0,414.0,1.0,346.0,423.0,1.0,326.0,122.0,1.0,358.0,127.0,1.0,295.0,113.0,1.0,357.49658203125,132.92897033691406,0.0,0.3032652652373691,2.131423820399324,0.2937977106694659,1.7079157624763366
343.0,142.0,1.0,309.0,181.0,1.0,247.0,171.0,1.0,161.0,267.0,1.0,217.0,232.0,1.0,374.0,184.0,1.0,379.0,272.0,1.0,351.0,205.0,1.0,296.0,421.0,1.0,248.0,414.0,1.0,346.0,423.0,1.0,327.0,123.0,1.0,359.0,127.0,1.0,295.0,112.0,1.0,355.78875732421875,136.552001953125,0.0,0.2816887106480397,2.1413915044399716,0.3390932835153226,1.6736746006315013
343.0,143.0,1.0,310.0,181.0,1.0,247.0,171.0,1.0,164.0,267.0,1.0,223.0,229.0,1.0,376.0,184.0,1.0,379.0,272.0,1.0,351.0,207.0,1.0,297.0,421.0,1.0,248.0,414.0,1.0,346.0,423.0,1.0,327.0,124.0,1.0,358.0,129.0,1.0,295.0,112.0,1.0,366.0,131.0,1.0,0.2857029324008829,2.1262792044543257,0.37266936013896323,1.6502973178034814
344.0,145.0,1.0,311.0,181.0,1.0,247.0,172.0,1.0,167.0,267.0,1.0,233.0,225.0,1.0,376.0,186.0,1.0,379.0,273.0,1.0,352.0,210.0,1.0,297.0,421.0,1.0,248.0,414.0,1.0,349.0,423.0,1.0,327.0,124.0,1.0,359.0,128.0,1.0,295.0,114.0,1.0,366.0,131.0,1.0,0.30417423955214656,2.1309803222249766,0.3704226852855758,1.6820373190641826
344.0,137.0,1.0,312.0,173.0,1.0,248.0,172.0,1.0,170.0,266.0,1.0,241.0,222.0,1.0,378.0,185.0,1.0,379.0,274.0,1.0,351.0,214.0,1.0,297.0,421.0,1.0,248.0,414.0,1.0,351.0,423.0,1.0,328.0,123.0,1.0,360.0,125.0,1.0,296.0,117.0,1.0,366.0,128.0,1.0,0.323362256447696,2.2478144413837247,0.42539167755557855,1.7618853088453377
345.0,139.0,1.0,313.0,176.0,1.0,249.0,170.0,1.0,176.0,264.0,1.0,252.0,217.0,1.0,379.0,184.0,1.0,382.0,274.0,1.0,352.0,217.0,1.0,297.0,421.0,1.0,248.0,414.0,1.0,351.0,423.0,1.0,328.0,124.0,1.0,360.0,125.0,1.0,296.0,118.0,1.0,366.27496337890625,128.05157470703125,0.0,0.3566356850147724,2.1376257949446336,0.4511569331587758,1.7247409912532465
346.0,140.0,1.0,314.0,176.0,1.0,249.0,170.0,1.0,180.0,262.0,1.0,260.0,214.0,1.0,380.0,185.0,1.0,383.0,275.0,1.0,353.0,220.0,1.0,297.0,421.0,1.0,248.0,414.0,1.0,351.0,423.0,1.0,329.0,125.0,1.0,360.0,125.0,1.0,296.0,116.0,1.0,366.5752868652344,128.09182739257812,0.0,0.38687571773102836,2.1222505867247743,0.466025725801883,1.7396450366586445
346.0,141.0,1.0,315.0,178.0,1.0,251.0,168.0,1.0,184.0,259.0,1.0,268.0,211.0,1.0,381.0,186.0,1.0,384.0,276.0,1.0,356.0,220.0,1.0,297.0,421.0,1.0,248.0,414.0,1.0,351.0,423.0,1.0,330.0,127.0,1.0,360.0,125.0,1.0,296.0,116.0,1.0,370.0,126.0,1.0,0.41699843027134675,2.0504513671479825,0.43032661312255904,1.7247409912532465
346.0,142.0,1.0,315.0,178.0,1.0,252.0,167.0,1.0,188.0,257.0,1.0,266.0,209.0,1.0,381.0,187.0,1.0,385.0,277.0,1.0,357.0,222.0,1.0,297.0,421.0,1.0,248.0,414.0,1.0,352.0,423.0,1.0,331.0,129.0,1.0,360.0,126.0,1.0,296.0,116.0,1.0,370.45037841796875,126.59632873535156,0.0,0.40099711833116236,2.016079945942939,0.4264786437337927,1.750739256027308
347.0,144.0,1.0,315.0,178.0,1.0,253.0,166.0,1.0,193.0,254.0,1.0,277.0,205.0,1.0,381.0,186.0,1.0,385.0,278.0,1.0,358.0,224.0,1.0,298.0,421.0,1.0,248.0,414.0,1.0,352.0,423.0,1.0,333.0,128.0,1.0,360.0,126.0,1.0,296.0,116.0,1.0,370.8258056640625,126.76205444335938,0.0,0.44430298489000003,1.9780307606764194,0.42019671360927524,1.7348708907665302
347.0,146.0,1.0,315.0,177.0,1.0,253.0,166.0,1.0,198.0,250.0,1.0,288.0,202.0,1.0,382.0,187.0,1.0,383.0,280.0,1.0,360.0,229.0,1.0,298.0,421.0,1.0,249.0,414.0,1.0,351.0,424.0,1.0,333.0,128.0,1.0,360.0,126.0,1.0,297.0,114.0,1.0,371.22381591796875,126.92784118652344,0.0,0.5011235000974894,1.9749196652883951,0.4129166480864153,1.7297086213178292
348.0,146.0,1.0,316.0,176.0,1.0,255.0,165.0,1.0,203.0,247.0,1.0,297.0,202.0,1.0,380.0,183.0,1.0,383.0,281.0,1.0,360.0,231.0,1.0,298.0,421.0,1.0,249.0,414.0,1.0,351.0,424.0,1.0,334.0,127.0,1.0,361.0,126.0,1.0,298.0,112.0,1.0,371.7841796875,126.88613891601562,0.0,0.5591649735418416,1.9575352674506157,0.40053605279006316,1.7103409717134812
348.0,147.0,1.0,317.0,176.0,1.0,254.0,166.0,1.0,211.0,245.0,1.0,303.0,202.0,1.0,382.0,183.0,1.0,381.0,281.0,1.0,361.0,233.0,1.0,298.0,421.0,1.0,249.0,414.0,1.0,351.0,424.0,1.0,336.0,126.0,1.0,361.0,126.0,1.0,298.0,112.0,1.0,372.278564453125,126.68341827392578,0.0,0.6351148725872299,1.9118388645349846,0.4049948471937159,1.6678714549493452
349.0,146.0,1.0,317.0,176.0,1.0,255.0,166.0,1.0,215.0,242.0,1.0,308.0,202.0,1.0,382.0,185.0,1.0,382.0,281.0,1.0,362.0,234.0,1.0,298.0,421.0,1.0,250.0,414.0,1.0,351.0,424.0,1.0,336.0,125.0,1.0,362.0,126.0,1.0,298.0,112.0,1.0,372.7882385253906,126.69154357910156,0.0,0.6801295953388734,1.8953611326737005,0.4023210978604406,1.7083830632652466
350.0,147.0,1.0,318.0,174.0,1.0,256.0,165.0,1.0,218.0,241.0,1.0,310.0,202.0,1.0,388.0,184.0,1.0,386.0,281.0,1.0,363.0,235.0,1.0,298.0,421.0,1.0,250.0,413.0,1.0,353.0,424.0,1.0,337.0,125.0,1.0,363.0,126.0,1.0,299.0,112.0,1.0,373.7455749511719,126.54694366455078,0.0,0.7061990924279967,1.8902895486825484,0.4842632446264099,1.6920777457734568
352.0,144.0,1.0,318.0,173.0,1.0,256.0,165.0,1.0,220.0,242.0,1.0,313.0,202.0,1.0,390.0,182.0,1.0,387.0,281.0,1.0,365.0,236.0,1.0,298.0,421.0,1.0,251.0,414.0,1.0,353.0,424.0,1.0,338.0,125.0,1.0,364.0,126.0,1.0,300.0,112.0,1.0,374.6487731933594,126.61160278320312,0.0,0.7272696326280127,1.8798109908569858,0.48501303473974455,1.6648575614228829
353.0,143.0,1.0,319.0,172.0,1.0,256.0,165.0,1.0,220.0,241.0,1.0,316.0,203.0,1.0,389.0,183.0,1.0,384.0,282.0,1.0,367.0,236.0,1.0,298.0,421.0,1.0,251.0,414.0,1.0,353.0,424.0,1.0,339.0,125.0,1.0,365.0,126.0,1.0,301.0,112.0,1.0,375.51190185546875,126.86006164550781,0.0,0.7515128334933309,1.9025133285977458,0.4044596108487522,1.6762023541763633
355.0,143.0,1.0,319.0,172.0,1.0,256.0,165.0,1.0,220.0,242.0,1.0,317.0,202.0,1.0,390.0,185.0,1.0,386.0,282.0,1.0,370.0,236.0,1.0,301.0,421.0,1.0,251.0,414.0,1.0,354.0,424.0,1.0,340.0,125.0,1.0,366.0,126.0,1.0,302.0,112.0,1.0,376.4388732910156,126.93875122070312,0.0,0.7423329880779836,1.8974769973688848,0.3759505999751351,1.710675220667795
357.0,145.0,1.0,319.0,172.0,1.0,256.0,165.0,1.0,218.0,243.0,1.0,318.0,201.0,1.0,388.0,185.0,1.0,388.0,282.0,1.0,373.0,236.0,1.0,301.0,421.0,1.0,251.0,414.0,1.0,354.0,424.0,1.0,341.0,125.0,1.0,367.0,126.0,1.0,302.0,110.0,1.0,377.2227783203125,126.81107330322266,0.0,0.7198296394182044,1.9134778014755638,0.3152146997507109,1.757019167206038
360.0,145.0,1.0,320.0,173.0,1.0,253.0,165.0,1.0,216.0,244.0,1.0,317.0,199.0,1.0,386.0,185.0,1.0,389.0,282.0,1.0,376.0,236.0,1.0,301.0,421.0,1.0,252.0,414.0,1.0,355.0,424.0,1.0,342.0,125.0,1.0,368.0,126.0,1.0,302.0,110.0,1.0,378.25714111328125,126.1469497680664,0.0,0.7136415233490966,1.88996818270626,0.24450812413299258,1.7815678061504174
363.0,145.0,1.0,319.0,172.0,1.0,253.0,165.0,1.0,213.0,246.0,1.0,314.0,201.0,1.0,384.0,185.0,1.0,390.0,282.0,1.0,378.0,235.0,1.0,301.0,421.0,1.0,252.0,414.0,1.0,355.0,424.0,1.0,343.0,125.0,1.0,368.0,126.0,1.0,303.0,110.0,1.0,378.62274169921875,126.17514038085938,0.0,0.6929565694362626,1.9238278990870035,0.18820165990047252,1.829968848205127
363.0,145.0,1.0,320.0,172.0,1.0,253.0,166.0,1.0,210.0,249.0,1.0,312.0,203.0,1.0,384.0,185.0,1.0,391.0,282.0,1.0,380.0,234.0,1.0,302.0,421.0,1.0,252.0,414.0,1.0,356.0,424.0,1.0,344.0,124.0,1.0,369.0,126.0,1.0,303.0,110.0,1.0,379.219970703125,126.37633514404297,0.0,0.6691267146427538,1.9594830240763013,0.1532367138272275,1.843234946007603
364.0,145.0,1.0,319.0,172.0,1.0,252.0,166.0,1.0,207.0,250.0,1.0,304.0,205.0,1.0,386.0,184.0,1.0,391.0,282.0,1.0,381.0,233.0,1.0,302.0,421.0,1.0,252.0,414.0,1.0,355.0,424.0,1.0,344.0,124.0,1.0,369.0,126.0,1.0,303.0,110.0,1.0,379.66815185546875,126.28620910644531,0.0,0.64461987415117,1.973291509790373,0.1503409012993269,1.7989979188199294
363.0,143.0,1.0,319.0,172.0,1.0,252.0,166.0,1.0,204.0,253.0,1.0,298.0,208.0,1.0,387.0,183.0,1.0,392.0,282.0,1.0,382.0,232.0,1.0,303.0,421.0,1.0,253.0,414.0,1.0,355.0,424.0,1.0,344.0,124.0,1.0,372.0,125.0,1.0,303.0,110.0,1.0,379.8125,126.00846099853516,0.0,0.620148452069448,1.9856482952808274,0.1469333858330251,1.7816339447877032
364.0,142.0,1.0,317.0,172.0,1.0,252.0,166.0,1.0,200.0,256.0,1.0,295.0,211.0,1.0,385.0,182.0,1.0,392.0,281.0,1.0,381.0,233.0,1.0,303.0,421.0,1.0,253.0,414.0,1.0,354.0,424.0,1.0,344.0,124.0,1.0,372.0,125.0,1.0,303.0,110.0,1.0,380.0329284667969,125.5103759765625,0.0,0.6045027561329526,2.002668825616689,0.15468718939518167,1.7873981743250456
364.0,141.0,1.0,317.0,172.0,1.0,252.0,167.0,1.0,196.0,257.0,1.0,288.0,215.0,1.0,383.0,181.0,1.0,392.0,281.0,1.0,381.0,232.0,1.0,304.0,421.0,1.0,252.0,414.0,1.0,358.0,425.0,1.0,344.0,124.0,1.0,372.0,124.0,1.0,303.0,110.0,1.0,379.65203857421875,124.97965240478516,0.0,0.585932855908019,2.050623753535341,0.13107059553939718,1.796082214970348
362.0,141.0,1.0,317.0,172.0,1.0,251.0,168.0,1.0,193.0,261.0,1.0,281.0,218.0,1.0,383.0,180.0,1.0,392.0,281.0,1.0,381.0,231.0,1.0,303.0,421.0,1.0,253.0,414.0,1.0,359.0,425.0,1.0,344.0,124.0,1.0,372.0,123.0,1.0,303.0,110.0,1.0,379.3708190917969,123.66585540771484,0.0,0.5586486863568133,2.067896504669478,0.12767613016298143,1.7802941701881072
361.0,139.0,1.0,317.0,172.0,1.0,251.0,169.0,1.0,190.0,262.0,1.0,277.0,219.0,1.0,383.0,178.0,1.0,392.0,281.0,1.0,381.0,230.0,1.0,303.0,421.0,1.0,253.0,414.0,1.0,359.0,425.0,1.0,344.0,124.0,1.0,371.0,122.0,1.0,303.0,110.0,1.0,378.836181640625,122.58483123779297,0.0,0.5312355337438711,2.1058944937336594,0.1252747459544577,1.748613488549925
360.0,138.0,1.0,317.0,172.0,1.0,250.0,170.0,1.0,187.0,264.0,1.0,272.0,220.0,1.0,382.0,176.0,1.0,392.0,280.0,1.0,380.0,229.0,1.0,303.0,421.0,1.0,252.0,412.0,1.0,359.0,425.0,1.0,344.0,124.0,1.0,371.0,121.0,1.0,302.0,110.0,1.0,378.39013671875,121.96733093261719,0.0,0.5026773654003339,2.1314080211596007,0.13523152008588402,1.7281164297876759
360.0,140.0,1.0,316.0,172.0,1.0,249.0,171.0,1.0,185.0,266.0,1.0,264.0,223.0,1.0,381.0,175.0,1.0,392.0,280.0,1.0,378.0,230.0,1.0,303.0,421.0,1.0,251.0,412.0,1.0,359.0,425.0,1.0,343.0,124.0,1.0,370.0,120.0,1.0,302.0,110.0,1.0,377.7845153808594,121.40415954589844,0.0,0.4794917356226038,2.1487172425104255,0.16862755013638078,1.7212985957597382
360.0,139.0,1.0,315.0,172.0,1.0,249.0,172.0,1.0,183.0,266.0,1.0,256.0,226.0,1.0,380.0,174.0,1.0,392.0,279.0,1.0,377.0,229.0,1.0,303.0,421.0,1.0,251.0,412.0,1.0,359.0,425.0,1.0,343.0,124.0,1.0,370.0,120.0,1.0,302.0,110.0,1.0,377.35400390625,121.2142105102539,0.0,0.457379564978231,2.18294882373998,0.17766478733415855,1.715347860009074
358.0,140.0,1.0,314.0,172.0,1.0,249.0,170.0,1.0,182.0,268.0,1.0,248.0,229.0,1.0,379.0,176.0,1.0,391.0,279.0,1.0,376.0,228.0,1.0,304.0,421.0,1.0,251.0,412.0,1.0,358.0,425.0,1.0,342.0,124.0,1.0,369.0,120.0,1.0,301.0,110.0,1.0,376.7752685546875,120.71687316894531,0.0,0.43740382001783046,2.139721115862232,0.1700694572369935,1.7482392671579874
357.0,139.0,1.0,313.0,172.0,1.0,249.0,170.0,1.0,178.0,270.0,1.0,240.0,232.0,1.0,378.0,178.0,1.0,390.0,279.0,1.0,375.0,227.0,1.0,302.0,419.0,1.0,251.0,412.0,1.0,358.0,423.0,1.0,341.0,124.0,1.0,368.0,120.0,1.0,301.0,110.0,1.0,376.32720947265625,120.24082946777344,0.0,0.4035372523667392,2.1569623851162008,0.16258021548212342,1.7811006847973827
357.0,139.0,1.0,312.0,172.0,1.0,249.0,170.0,1.0,174.0,272.0,1.0,231.0,235.0,1.0,377.0,177.0,1.0,393.0,279.0,1.0,374.0,226.0,1.0,302.0,419.0,1.0,251.0,412.0,1.0,358.0,423.0,1.0,340.0,124.0,1.0,368.0,120.0,1.0,300.0,110.0,1.0,375.9090270996094,119.83125305175781,0.0,0.3610152896082387,2.173083672929861,0.18862385500543746,1.8031630460417043
355.0,139.0,1.0,311.0,172.0,1.0,249.0,170.0,1.0,173.0,275.0,1.0,222.0,238.0,1.0,376.0,179.0,1.0,392.0,279.0,1.0,375.0,229.0,1.0,302.0,419.0,1.0,251.0,412.0,1.0,359.0,423.0,1.0,339.0,124.0,1.0,366.0,122.0,1.0,299.0,110.0,1.0,375.5989685058594,119.48457336425781,0.0,0.29751047012093096,2.165076874770318,0.1690832445941544,1.8367304446297008
353.0,139.0,1.0,310.0,172.0,1.0,247.0,172.0,1.0,171.0,275.0,1.0,215.0,244.0,1.0,375.0,178.0,1.0,392.0,278.0,1.0,373.0,224.0,1.0,302.0,419.0,1.0,251.0,412.0,1.0,356.0,423.0,1.0,338.0,124.0,1.0,366.0,122.0,1.0,298.0,110.0,1.0,375.38568115234375,119.52181243896484,0.0,0.32133746404514496,2.20648509452808,0.169933465361729,1.8312333328058332
353.0,138.0,1.0,311.0,175.0,1.0,247.0,172.0,1.0,169.0,275.0,1.0,205.0,247.0,1.0,374.0,180.0,1.0,392.0,278.0,1.0,372.0,223.0,1.0,302.0,419.0,1.0,251.0,412.0,1.0,356.0,423.0,1.0,337.0,124.0,1.0,366.0,122.0,1.0,297.0,110.0,1.0,375.13372802734375,119.5499038696289,0.0,0.26160811968670256,2.1721006521364346,0.1671221735838952,1.83164422776436
351.0,138.0,1.0,310.0,175.0,1.0,246.0,173.0,1.0,168.0,275.0,1.0,199.0,251.0,1.0,374.0,179.0,1.0,392.0,278.0,1.0,372.0,222.0,1.0,302.0,418.0,1.0,250.0,412.0,1.0,356.0,423.0,1.0,336.0,124.0,1.0,366.0,122.0,1.0,296.0,110.0,1.0,374.72540283203125,119.88040924072266,0.0,0.25914365957664603,2.1924031244654025,0.16317044062822492,1.8130686365833322
351.0,136.0,1.0,310.0,175.0,1.0,246.0,173.0,1.0,164.0,274.0,1.0,199.0,252.0,1.0,375.0,180.0,1.0,392.0,277.0,1.0,370.0,219.0,1.0,302.0,418.0,1.0,250.0,413.0,1.0,356.0,423.0,1.0,336.0,124.0,1.0,366.0,121.0,1.0,295.0,110.0,1.0,374.525634765625,120.10295104980469,0.0,0.3276892156920715,2.221500192179101,0.1890485083017265,1.8210639470274563
349.0,137.0,1.0,310.0,175.0,1.0,245.0,173.0,1.0,159.0,272.0,1.0,190.0,253.0,1.0,375.0,178.0,1.0,392.0,277.0,1.0,370.0,218.0,1.0,302.0,418.0,1.0,250.0,413.0,1.0,354.0,422.0,1.0,336.0,124.0,1.0,363.0,121.0,1.0,295.0,110.0,1.0,374.2608947753906,118.85274505615234,0.0,0.30569992968913223,2.2552800151536068,0.1868533147596133,1.786976064401464
348.0,135.0,1.0,307.0,175.0,1.0,245.0,173.0,1.0,155.0,274.0,1.0,184.0,252.0,1.0,374.0,179.0,1.0,392.0,277.0,1.0,370.0,217.0,1.0,301.0,418.0,1.0,250.0,413.0,1.0,354.0,422.0,1.0,335.0,124.0,1.0,362.0,121.0,1.0,294.0,110.0,1.0,373.93505859375,116.97100067138672,0.0,0.19393068064945596,2.266419531508583,0.16979596400353952,1.812075869926078
347.0,136.0,1.0,307.0,178.0,1.0,244.0,173.0,1.0,154.0,274.0,1.0,181.0,250.0,1.0,374.0,180.0,1.0,392.0,276.0,1.0,369.0,216.0,1.0,301.0,418.0,1.0,250.0,414.0,1.0,351.0,422.0,1.0,334.0,124.0,1.0,361.0,119.0,1.0,293.0,110.0,1.0,373.28106689453125,114.85852813720703,0.0,0.11628389896422897,2.219467342974385,0.18070856585172312,1.7859861614577008
346.0,137.0,1.0,306.0,178.0,1.0,243.0,173.0,1.0,154.0,273.0,1.0,182.0,250.0,1.0,374.0,181.0,1.0,391.0,276.0,1.0,368.0,215.0,1.0,299.0,415.0,1.0,249.0,411.0,1.0,351.0,418.0,1.0,333.0,124.0,1.0,360.0,120.0,1.0,292.0,110.0,1.0,372.4134521484375,113.05650329589844,0.0,0.15586238275947623,2.2188599438221353,0.18349284569922972,1.7919585389718438
345.0,136.0,1.0,305.0,178.0,1.0,243.0,175.0,1.0,154.0,276.0,1.0,185.0,247.0,1.0,373.0,180.0,1.0,390.0,276.0,1.0,367.0,214.0,1.0,299.0,415.0,1.0,249.0,411.0,1.0,351.0,418.0,1.0,331.0,124.0,1.0,359.0,119.0,1.0,294.0,111.0,1.0,370.0,117.0,1.0,0.09639511377515964,2.24477098564353,0.17996448604360044,1.7754659910019828
343.0,136.0,1.0,307.0,179.0,1.0,243.0,174.0,1.0,154.0,276.0,1.0,189.0,246.0,1.0,374.0,182.0,1.0,386.0,277.0,1.0,365.0,214.0,1.0,298.0,415.0,1.0,249.0,411.0,1.0,351.0,418.0,1.0,329.0,124.0,1.0,358.0,119.0,1.0,293.0,111.0,1.0,369.0,117.0,1.0,0.14472990821600254,2.210269839414579,0.1961002237867958,1.7411928888593584
341.0,136.0,1.0,306.0,179.0,1.0,243.0,174.0,1.0,154.0,276.0,1.0,195.0,243.0,1.0,372.0,182.0,1.0,388.0,277.0,1.0,363.0,214.0,1.0,298.0,415.0,1.0,248.0,411.0,1.0,351.0,418.0,1.0,327.0,124.0,1.0,357.0,119.0,1.0,292.0,111.0,1.0,368.0,117.0,1.0,0.1756478877790443,2.2090374022766697,0.2109114975400328,1.7830747666162627
341.0,138.0,1.0,308.0,180.0,1.0,245.0,173.0,1.0,155.0,276.0,1.0,199.0,242.0,1.0,373.0,183.0,1.0,385.0,277.0,1.0,361.0,214.0,1.0,298.0,418.0,1.0,248.0,411.0,1.0,350.0,420.0,1.0,325.0,124.0,1.0,355.0,120.0,1.0,293.0,113.0,1.0,366.0,118.0,1.0,0.19476547979183947,2.1782813474418483,0.23700616689556514,1.7438902324234868
342.0,138.0,1.0,307.0,180.0,1.0,245.0,173.0,1.0,156.0,276.0,1.0,204.0,239.0,1.0,374.0,183.0,1.0,383.0,278.0,1.0,359.0,214.0,1.0,298.0,418.0,1.0,248.0,411.0,1.0,350.0,420.0,1.0,326.0,123.0,1.0,356.0,121.0,1.0,292.0,113.0,1.0,364.0,118.0,1.0,0.2014843498819395,2.1709795107582295,0.26431573487552534,1.7099974936445588
340.0,138.0,1.0,306.0,180.0,1.0,244.0,173.0,1.0,158.0,273.0,1.0,207.0,236.0,1.0,373.0,183.0,1.0,381.0,278.0,1.0,358.0,210.0,1.0,298.0,418.0,1.0,248.0,411.0,1.0,350.0,420.0,1.0,324.0,123.0,1.0,354.0,121.0,1.0,292.0,113.0,1.0,362.0,118.0,1.0,0.2137668930449204,2.168640203451393,0.24214350043595867,1.699554870057007
338.0,138.0,1.0,308.0,181.0,1.0,244.0,173.0,1.0,159.0,273.0,1.0,215.0,234.0,1.0,372.0,183.0,1.0,381.0,278.0,1.0,357.0,210.0,1.0,298.0,418.0,1.0,248.0,411.0,1.0,348.0,422.0,1.0,323.0,123.0,1.0,352.0,121.0,1.0,292.0,113.0,1.0,362.0,120.0,1.0,0.25797725393410653,2.150935396490353,0.2448376790589981,1.6964910956202115
339.0,138.0,1.0,307.0,181.0,1.0,243.0,173.0,1.0,160.0,273.0,1.0,220.0,230.0,1.0,374.0,183.0,1.0,380.0,279.0,1.0,356.0,211.0,1.0,299.0,420.0,1.0,247.0,411.0,1.0,348.0,422.0,1.0,324.0,122.0,1.0,351.0,121.0,1.0,292.0,113.0,1.0,360.8316345214844,120.34058380126953,0.0,0.25620420356718443,2.1392091676452574,0.27687380445808735,1.6630570214579634
338.0,138.0,1.0,306.0,181.0,1.0,243.0,173.0,1.0,161.0,272.0,1.0,223.0,229.0,1.0,374.0,183.0,1.0,380.0,279.0,1.0,356.0,211.0,1.0,299.0,420.0,1.0,247.0,411.0,1.0,348.0,421.0,1.0,323.0,122.0,1.0,350.0,121.0,1.0,292.0,113.0,1.0,360.0,121.0,1.0,0.2726632031381856,2.1362384470124054,0.27687380445808735,1.662618424994859
338.0,138.0,1.0,306.0,181.0,1.0,243.0,173.0,1.0,162.0,271.0,1.0,231.0,227.0,1.0,374.0,183.0,1.0,380.0,279.0,1.0,356.0,211.0,1.0,298.0,420.0,1.0,247.0,411.0,1.0,348.0,421.0,1.0,323.0,122.0,1.0,350.0,121.0,1.0,292.0,113.0,1.0,360.0,121.0,1.0,0.3124198018205185,2.135198310334155,0.27687380445808735,1.662618424994859
338.0,138.0,1.0,306.0,181.0,1.0,243.0,173.0,1.0,163.0,270.0,1.0,235.0,224.0,1.0,374.0,183.0,1.0,380.0,279.0,1.0,356.0,211.0,1.0,298.0,420.0,1.0,247.0,411.0,1.0,349.0,421.0,1.0,323.0,122.0,1.0,350.0,121.0,1.0,292.0,113.0,1.0,360.0,121.0,1.0,0.31262510856217474,2.134134880233338,0.27687380445808735,1.662618424994859
339.0,138.0,1.0,306.0,181.0,1.0,243.0,172.0,1.0,164.0,269.0,1.0,242.0,222.0,1.0,374.0,183.0,1.0,380.0,279.0,1.0,357.0,214.0,1.0,298.0,420.0,1.0,248.0,411.0,1.0,349.0,421.0,1.0,324.0,122.0,1.0,351.0,121.0,1.0,292.0,113.0,1.0,361.0,121.0,1.0,0.3450137936627175,2.112379068107307,0.2776783095138047,1.662618424994859
340.0,138.0,1.0,306.0,181.0,1.0,243.0,172.0,1.0,166.0,268.0,1.0,250.0,220.0,1.0,374.0,183.0,1.0,380.0,279.0,1.0,358.0,214.0,1.0,298.0,420.0,1.0,248.0,411.0,1.0,349.0,421.0,1.0,325.0,122.0,1.0,352.0,121.0,1.0,292.0,113.0,1.0,362.25164794921875,120.712890625,0.0,0.37564023547306524,2.104909249266041,0.26394000671080525,1.662618424994859
341.0,138.0,1.0,307.0,181.0,1.0,243.0,171.0,1.0,168.0,267.0,1.0,255.0,217.0,1.0,374.0,183.0,1.0,380.0,279.0,1.0,359.0,214.0,1.0,298.0,420.0,1.0,248.0,411.0,1.0,349.0,421.0,1.0,326.0,122.0,1.0,353.0,121.0,1.0,292.0,113.0,1.0,363.0,121.0,1.0,0.38597503699241686,2.079002577577049,0.25007274973856164,1.6630570214579634
341.0,139.0,1.0,308.0,181.0,1.0,244.0,171.0,1.0,170.0,265.0,1.0,259.0,216.0,1.0,375.0,184.0,1.0,381.0,279.0,1.0,360.0,214.0,1.0,299.0,420.0,1.0,247.0,413.0,1.0,349.0,421.0,1.0,328.0,122.0,1.0,354.0,121.0,1.0,292.0,113.0,1.0,364.0,121.0,1.0,0.4006136913008532,2.082707789110266,0.24941744183760628,1.6786166761464245
343.0,139.0,1.0,309.0,181.0,1.0,244.0,171.0,1.0,172.0,263.0,1.0,263.0,215.0,1.0,376.0,185.0,1.0,379.0,280.0,1.0,361.0,214.0,1.0,299.0,420.0,1.0,248.0,413.0,1.0,349.0,421.0,1.0,329.0,122.0,1.0,355.0,121.0,1.0,292.0,113.0,1.0,365.0,121.0,1.0,0.42136684812561337,2.082193161226316,0.23468359266314748,1.6619954964138441
341.0,140.0,1.0,310.0,181.0,1.0,244.0,170.0,1.0,175.0,261.0,1.0,270.0,213.0,1.0,377.0,186.0,1.0,380.0,280.0,1.0,363.0,215.0,1.0,298.0,422.0,1.0,246.0,416.0,1.0,348.0,424.0,1.0,330.0,123.0,1.0,356.0,121.0,1.0,292.0,113.0,1.0,366.0,121.0,1.0,0.45419206094085746,2.0544026502866313,0.2239045001303506,1.6771891814938007
343.0,141.0,1.0,309.0,178.0,1.0,245.0,169.0,1.0,181.0,257.0,1.0,277.0,207.0,1.0,376.0,186.0,1.0,379.0,281.0,1.0,365.0,216.0,1.0,299.0,422.0,1.0,246.0,416.0,1.0,348.0,424.0,1.0,331.0,123.0,1.0,357.0,121.0,1.0,292.0,113.0,1.0,367.0,121.0,1.0,0.46182501077593724,2.0598837389211657,0.18057529651669751,1.7212051278504399
343.0,141.0,1.0,307.0,176.0,1.0,244.0,168.0,1.0,183.0,253.0,1.0,284.0,204.0,1.0,364.0,183.0,1.0,383.0,281.0,1.0,367.0,217.0,1.0,299.0,423.0,1.0,246.0,418.0,1.0,348.0,425.0,1.0,332.0,123.0,1.0,355.0,123.0,1.0,292.0,113.0,1.0,368.32330322265625,121.46733856201172,0.0,0.49662863538792285,2.066959914278732,0.05347694465724546,1.8844932159558705
345.0,142.0,1.0,309.0,176.0,1.0,245.0,167.0,1.0,189.0,250.0,1.0,288.0,201.0,1.0,367.0,184.0,1.0,385.0,281.0,1.0,369.0,218.0,1.0,299.0,423.0,1.0,244.0,416.0,1.0,349.0,424.0,1.0,331.0,122.0,1.0,356.0,123.0,1.0,292.0,113.0,1.0,369.1641845703125,121.80056762695312,0.0,0.5176545655987771,2.0246301655770744,0.06523003194378206,1.891342458254825
345.0,142.0,1.0,307.0,174.0,1.0,245.0,165.0,1.0,194.0,246.0,1.0,297.0,197.0,1.0,367.0,184.0,1.0,388.0,281.0,1.0,371.0,220.0,1.0,299.0,423.0,1.0,244.0,416.0,1.0,349.0,424.0,1.0,332.0,122.0,1.0,357.0,124.0,1.0,292.0,113.0,1.0,369.8331604003906,122.58871459960938,0.0,0.56483248639448,1.9885635019385577,0.058587639285247205,1.9491495235989778
345.0,142.0,1.0,308.0,172.0,1.0,245.0,165.0,1.0,199.0,242.0,1.0,296.0,199.0,1.0,366.0,177.0,1.0,389.0,281.0,1.0,375.0,224.0,1.0,298.0,421.0,1.0,244.0,416.0,1.0,349.0,424.0,1.0,331.0,122.0,1.0,356.0,124.0,1.0,291.0,113.0,1.0,369.1508483886719,123.6501235961914,0.0,0.6150214780110386,1.998646562332574,0.023195838954374524,1.8744412342761803
345.0,142.0,1.0,308.0,171.0,1.0,245.0,165.0,1.0,205.0,239.0,1.0,303.0,191.0,1.0,370.0,169.0,1.0,389.0,282.0,1.0,377.0,226.0,1.0,296.0,419.0,1.0,242.0,414.0,1.0,348.0,421.0,1.0,330.0,121.0,1.0,355.0,124.0,1.0,290.0,113.0,1.0,368.37408447265625,125.13912200927734,0.0,0.6197935820581746,1.9713962939379688,0.04450993656298473,1.705132841019406
345.0,141.0,1.0,309.0,169.0,1.0,247.0,164.0,1.0,211.0,236.0,1.0,310.0,185.0,1.0,372.0,176.0,1.0,390.0,282.0,1.0,380.0,228.0,1.0,295.0,419.0,1.0,243.0,414.0,1.0,348.0,421.0,1.0,329.0,120.0,1.0,354.0,125.0,1.0,288.0,111.0,1.0,367.9659729003906,126.10930633544922,0.0,0.6314534989390983,1.9539729245302417,0.014904045405411494,1.8496603198258783
343.0,140.0,1.0,310.0,171.0,1.0,249.0,163.0,1.0,215.0,234.0,1.0,315.0,180.0,1.0,362.0,187.0,1.0,392.0,282.0,1.0,381.0,228.0,1.0,296.0,422.0,1.0,244.0,417.0,1.0,347.0,424.0,1.0,327.0,120.0,1.0,352.0,124.0,1.0,287.0,111.0,1.0,367.00830078125,126.84413146972656,0.0,0.6290592583206838,1.8869968239115718,0.10492460771675481,2.175174129785928
343.0,140.0,1.0,310.0,172.0,1.0,250.0,162.0,1.0,217.0,233.0,1.0,320.0,179.0,1.0,366.0,190.0,1.0,393.0,283.0,1.0,383.0,227.0,1.0,296.0,422.0,1.0,244.0,417.0,1.0,347.0,424.0,1.0,326.0,120.0,1.0,351.0,124.0,1.0,286.0,111.0,1.0,366.347900390625,126.7860336303711,0.0,0.6528363675323371,1.840731600542316,0.10584609639955084,2.164349559870025
343.0,140.0,1.0,308.0,174.0,1.0,250.0,162.0,1.0,217.0,233.0,1.0,323.0,178.0,1.0,360.0,189.0,1.0,394.0,283.0,1.0,386.0,224.0,1.0,296.0,422.0,1.0,244.0,417.0,1.0,347.0,424.0,1.0,326.0,120.0,1.0,351.0,124.0,1.0,286.0,111.0,1.0,365.8575439453125,127.1252670288086,0.0,0.6570846138646744,1.8018622983643942,0.21229031906175957,2.19869565495559
343.0,140.0,1.0,309.0,175.0,1.0,250.0,162.0,1.0,215.0,235.0,1.0,324.0,181.0,1.0,364.0,190.0,1.0,395.0,284.0,1.0,391.0,223.0,1.0,296.0,422.0,1.0,245.0,417.0,1.0,348.0,424.0,1.0,326.0,120.0,1.0,351.0,123.0,1.0,286.0,111.0,1.0,365.9884338378906,126.50847625732422,0.0,0.6637506309300116,1.800997252016677,0.25307565216460265,2.155604053033889
344.0,140.0,1.0,308.0,178.0,1.0,249.0,162.0,1.0,211.0,238.0,1.0,319.0,186.0,1.0,367.0,190.0,1.0,396.0,285.0,1.0,394.0,223.0,1.0,296.0,422.0,1.0,245.0,417.0,1.0,348.0,424.0,1.0,326.0,120.0,1.0,352.0,123.0,1.0,286.0,109.0,1.0,366.4927978515625,126.51696014404297,0.0,0.6584253737833695,1.769626605889914,0.264031475450666,2.067727562000703
343.0,139.0,1.0,312.0,173.0,1.0,249.0,165.0,1.0,205.0,242.0,1.0,313.0,189.0,1.0,374.0,188.0,1.0,398.0,285.0,1.0,396.0,226.0,1.0,296.0,422.0,1.0,245.0,417.0,1.0,348.0,424.0,1.0,326.0,120.0,1.0,353.0,123.0,1.0,287.0,109.0,1.0,367.2610168457031,126.04342651367188,0.0,0.5954374107927656,1.9636343239781793,0.20866615352307236,2.0507220571952582
344.0,139.0,1.0,311.0,175.0,1.0,249.0,167.0,1.0,199.0,247.0,1.0,307.0,197.0,1.0,378.0,188.0,1.0,399.0,285.0,1.0,397.0,227.0,1.0,296.0,422.0,1.0,246.0,417.0,1.0,349.0,424.0,1.0,327.0,120.0,1.0,354.0,123.0,1.0,288.0,109.0,1.0,368.0734558105469,126.05856323242188,0.0,0.5786155274995723,2.0010724144526644,0.17873541838994722,1.975649342871028
345.0,139.0,1.0,311.0,176.0,1.0,248.0,167.0,1.0,193.0,252.0,1.0,299.0,203.0,1.0,379.0,187.0,1.0,401.0,285.0,1.0,398.0,223.0,1.0,296.0,422.0,1.0,246.0,417.0,1.0,350.0,424.0,1.0,328.0,120.0,1.0,355.0,123.0,1.0,289.0,109.0,1.0,368.923828125,126.0881576538086,0.0,0.5634856349965682,2.003204102365434,0.17247938307744498,1.9520005405001957
346.0,139.0,1.0,312.0,176.0,1.0,248.0,166.0,1.0,187.0,256.0,1.0,287.0,211.0,1.0,380.0,185.0,1.0,403.0,285.0,1.0,404.0,221.0,1.0,296.0,422.0,1.0,246.0,417.0,1.0,350.0,424.0,1.0,329.0,120.0,1.0,355.0,123.0,1.0,290.0,109.0,1.0,369.5193176269531,126.07173919677734,0.0,0.552286885296245,2.0114551002366663,0.24169211661436096,1.9284528562467012
346.0,139.0,1.0,313.0,176.0,1.0,248.0,167.0,1.0,182.0,261.0,1.0,275.0,219.0,1.0,380.0,185.0,1.0,403.0,285.0,1.0,406.0,220.0,1.0,294.0,423.0,1.0,246.0,417.0,1.0,349.0,424.0,1.0,329.0,120.0,1.0,356.0,123.0,1.0,290.0,109.0,1.0,370.017578125,126.44840240478516,0.0,0.5344494219460468,2.04536208726963,0.27218950400839537,1.9303937638806519
346.0,139.0,1.0,313.0,177.0,1.0,247.0,169.0,1.0,178.0,265.0,1.0,265.0,224.0,1.0,380.0,184.0,1.0,405.0,284.0,1.0,408.0,219.0,1.0,296.0,422.0,1.0,246.0,417.0,1.0,349.0,424.0,1.0,329.0,120.0,1.0,356.0,123.0,1.0,290.0,109.0,1.0,370.1927795410156,126.44963836669922,0.0,0.5072010106704874,2.07337198814886,0.2910997791413753,1.91987492803136
346.0,139.0,1.0,313.0,176.0,1.0,246.0,170.0,1.0,173.0,266.0,1.0,253.0,231.0,1.0,379.0,183.0,1.0,405.0,284.0,1.0,410.0,218.0,1.0,296.0,422.0,1.0,246.0,417.0,1.0,349.0,424.0,1.0,329.0,120.0,1.0,356.0,123.0,1.0,290.0,109.0,1.0,370.1910095214844,126.35670471191406,0.0,0.5082513745294867,2.131616844469697,0.3275684373554666,1.9284172030133888
346.0,139.0,1.0,313.0,176.0,1.0,246.0,171.0,1.0,170.0,269.0,1.0,244.0,236.0,1.0,380.0,182.0,1.0,405.0,284.0,1.0,411.0,217.0,1.0,296.0,422.0,1.0,245.0,417.0,1.0,349.0,424.0,1.0,328.0,120.0,1.0,356.0,123.0,1.0,290.0,109.0,1.0,369.9518127441406,126.66447448730469,0.0,0.49169012240261495,2.1559362792179355,0.32967375132303006,1.9004700781179265
345.0,139.0,1.0,313.0,176.0,1.0,246.0,171.0,1.0,167.0,268.0,1.0,233.0,241.0,1.0,379.0,182.0,1.0,405.0,283.0,1.0,410.0,219.0,1.0,296.0,422.0,1.0,245.0,417.0,1.0,349.0,424.0,1.0,327.0,120.0,1.0,355.0,123.0,1.0,290.0,109.0,1.0,369.349853515625,126.71222686767578,0.0,0.4989978127058563,2.179787332497589,0.329921927950179,1.9134115081142782
344.0,139.0,1.0,313.0,176.0,1.0,243.0,171.0,1.0,166.0,268.0,1.0,222.0,247.0,1.0,379.0,181.0,1.0,405.0,282.0,1.0,410.0,218.0,1.0,296.0,422.0,1.0,245.0,417.0,1.0,349.0,424.0,1.0,326.0,120.0,1.0,354.0,123.0,1.0,289.0,109.0,1.0,368.81500244140625,126.75912475585938,0.0,0.5410677983969394,2.170446720136991,0.329921927950179,1.898364764150363
343.0,139.0,1.0,312.0,176.0,1.0,243.0,171.0,1.0,161.0,270.0,1.0,211.0,252.0,1.0,378.0,182.0,1.0,405.0,281.0,1.0,410.0,217.0,1.0,296.0,422.0,1.0,246.0,415.0,1.0,349.0,424.0,1.0,325.0,120.0,1.0,353.0,123.0,1.0,288.0,109.0,1.0,367.9375915527344,126.83377075195312,0.0,0.5334905089324357,2.1902092335370504,0.34421868298246805,1.927708263146567
342.0,139.0,1.0,311.0,179.0,1.0,241.0,171.0,1.0,158.0,271.0,1.0,200.0,257.0,1.0,377.0,183.0,1.0,405.0,280.0,1.0,409.0,216.0,1.0,297.0,420.0,1.0,246.0,415.0,1.0,349.0,424.0,1.0,324.0,120.0,1.0,352.0,123.0,1.0,287.0,109.0,1.0,366.9244384765625,127.16163635253906,0.0,0.5562779370011319,2.149772155048311,0.34343955072053406,1.9123490873015805
341.0,139.0,1.0,310.0,179.0,1.0,241.0,171.0,1.0,155.0,269.0,1.0,192.0,262.0,1.0,376.0,182.0,1.0,404.0,280.0,1.0,408.0,215.0,1.0,296.0,420.0,1.0,246.0,415.0,1.0,349.0,424.0,1.0,323.0,120.0,1.0,351.0,123.0,1.0,286.0,109.0,1.0,366.2690734863281,126.98710632324219,0.0,0.6635440568129233,2.175642666491034,0.339760614887877,1.894519265221585
340.0,139.0,1.0,309.0,179.0,1.0,238.0,171.0,1.0,154.0,270.0,1.0,181.0,266.0,1.0,375.0,181.0,1.0,403.0,280.0,1.0,407.0,214.0,1.0,296.0,420.0,1.0,246.0,415.0,1.0,349.0,424.0,1.0,322.0,120.0,1.0,350.0,123.0,1.0,285.0,109.0,1.0,362.0,117.0,1.0,0.7201041886270417,2.1622072945770947,0.33616145816423826,1.8767195250958026
339.0,139.0,1.0,309.0,179.0,1.0,237.0,171.0,1.0,151.0,264.0,1.0,179.0,264.0,1.0,374.0,180.0,1.0,402.0,280.0,1.0,406.0,213.0,1.0,296.0,420.0,1.0,246.0,415.0,1.0,349.0,424.0,1.0,321.0,120.0,1.0,349.0,123.0,1.0,285.0,110.0,1.0,361.0,117.0,1.0,0.8244843920338968,2.206451040382001,0.3326394162178802,1.8591884316622025
339.0,139.0,1.0,308.0,179.0,1.0,237.0,171.0,1.0,161.0,250.0,1.0,167.0,268.0,1.0,373.0,179.0,1.0,402.0,279.0,1.0,405.0,213.0,1.0,296.0,420.0,1.0,246.0,415.0,1.0,349.0,424.0,1.0,321.0,120.0,1.0,348.0,123.0,1.0,284.0,110.0,1.0,360.0,117.0,1.0,2.0537963582111574,2.2246392527796357,0.32768070140306804,1.8530537487763876
337.0,139.0,1.0,308.0,179.0,1.0,237.0,171.0,1.0,159.0,250.0,1.0,165.0,270.0,1.0,372.0,179.0,1.0,401.0,279.0,1.0,404.0,213.0,1.0,296.0,420.0,1.0,245.0,415.0,1.0,349.0,424.0,1.0,320.0,120.0,1.0,347.0,123.0,1.0,283.0,110.0,1.0,359.0,118.0,1.0,2.071107036333141,2.2376223345764275,0.32768070140306804,1.8530537487763876
337.0,139.0,1.0,308.0,179.0,1.0,237.0,171.0,1.0,167.0,242.0,1.0,151.0,275.0,1.0,371.0,182.0,1.0,401.0,279.0,1.0,404.0,213.0,1.0,296.0,420.0,1.0,245.0,415.0,1.0,349.0,424.0,1.0,320.0,120.0,1.0,347.0,123.0,1.0,283.0,110.0,1.0,359.0,118.0,1.0,2.8147396614192184,2.236899595520771,0.3453704359185185,1.9183265865688217
337.0,139.0,1.0,305.0,180.0,1.0,238.0,171.0,1.0,185.0,232.0,1.0,149.0,266.0,1.0,371.0,182.0,1.0,401.0,279.0,1.0,404.0,213.0,1.0,295.0,420.0,1.0,244.0,413.0,1.0,349.0,420.0,1.0,320.0,120.0,1.0,347.0,123.0,1.0,283.0,110.0,1.0,359.0,118.0,1.0,3.0429684131125776,2.152604858462018,0.3453704359185185,1.9010372432106133
337.0,139.0,1.0,305.0,180.0,1.0,238.0,172.0,1.0,183.0,232.0,1.0,137.0,273.0,1.0,371.0,182.0,1.0,401.0,279.0,1.0,404.0,213.0,1.0,295.0,420.0,1.0,244.0,413.0,1.0,349.0,420.0,1.0,320.0,120.0,1.0,347.0,123.0,1.0,283.0,110.0,1.0,359.0,118.0,1.0,3.0407336435614623,2.1939032502330487,0.3453704359185185,1.9010372432106133
335.0,139.0,1.0,305.0,180.0,1.0,238.0,172.0,1.0,179.0,234.0,1.0,125.0,280.0,1.0,372.0,182.0,1.0,401.0,279.0,1.0,404.0,213.0,1.0,295.0,420.0,1.0,245.0,413.0,1.0,349.0,420.0,1.0,320.0,120.0,1.0,347.0,123.0,1.0,283.0,110.0,1.0,359.0,118.0,1.0,3.0369743578402577,2.2125658355872804,0.3359340003879509,1.89114893242838
335.0,139.0,1.0,305.0,180.0,1.0,238.0,172.0,1.0,175.0,238.0,1.0,112.0,283.0,1.0,373.0,182.0,1.0,401.0,279.0,1.0,405.0,213.0,1.0,295.0,420.0,1.0,245.0,413.0,1.0,349.0,420.0,1.0,320.0,120.0,1.0,347.0,123.0,1.0,283.0,110.0,1.0,359.0,118.0,1.0,2.953192353364703,2.214102522814117,0.34155276050668415,1.8812203557234786
335.0,139.0,1.0,305.0,180.0,1.0,238.0,172.0,1.0,167.0,246.0,1.0,98.0,288.0,1.0,371.0,184.0,1.0,402.0,279.0,1.0,406.0,213.0,1.0,295.0,420.0,1.0,245.0,413.0,1.0,349.0,420.0,1.0,320.0,120.0,1.0,347.0,123.0,1.0,283.0,110.0,1.0,359.0,118.0,1.0,2.8822966273017485,2.2166674418447356,0.37595354476254783,1.946749871557444
335.0,139.0,1.0,303.0,181.0,1.0,238.0,172.0,1.0,165.0,244.0,1.0,87.0,290.0,1.0,372.0,184.0,1.0,403.0,279.0,1.0,406.0,213.0,1.0,295.0,420.0,1.0,243.0,412.0,1.0,349.0,420.0,1.0,320.0,120.0,1.0,347.0,123.0,1.0,283.0,110.0,1.0,359.0,118.0,1.0,2.895934820200082,2.2255041961103434,0.3608448044020171,1.9296687471668679
335.0,139.0,1.0,303.0,181.0,1.0,236.0,175.0,1.0,163.0,246.0,1.0,85.0,286.0,1.0,371.0,184.0,1.0,403.0,279.0,1.0,407.0,212.0,1.0,295.0,420.0,1.0,243.0,412.0,1.0,349.0,420.0,1.0,319.0,121.0,1.0,347.0,123.0,1.0,283.0,110.0,1.0,359.0,118.0,1.0,2.8439338226180726,2.28076849313009,0.3845358311962887,1.9397905022580875
335.0,139.0,1.0,303.0,181.0,1.0,236.0,175.0,1.0,163.0,246.0,1.0,82.0,285.0,1.0,371.0,184.0,1.0,403.0,279.0,1.0,407.0,212.0,1.0,295.0,420.0,1.0,243.0,412.0,1.0,349.0,420.0,1.0,319.0,121.0,1.0,347.0,123.0,1.0,283.0,110.0,1.0,359.0,118.0,1.0,2.818805830134033,2.28076849313009,0.3845358311962887,1.9397905022580875
335.0,139.0,1.0,303.0,181.0,1.0,236.0,175.0,1.0,163.0,246.0,1.0,84.0,281.0,1.0,370.0,184.0,1.0,402.0,279.0,1.0,406.0,212.0,1.0,295.0,420.0,1.0,243.0,412.0,1.0,349.0,420.0,1.0,319.0,121.0,1.0,347.0,123.0,1.0,283.0,110.0,1.0,359.0,118.0,1.0,2.787131728111797,2.28076849313009,0.3845358311962887,1.9404476763146312
335.0,139.0,1.0,303.0,181.0,1.0,236.0,175.0,1.0,164.0,246.0,1.0,89.0,282.0,1.0,369.0,184.0,1.0,402.0,279.0,1.0,405.0,212.0,1.0,295.0,420.0,1.0,243.0,412.0,1.0,349.0,420.0,1.0,319.0,121.0,1.0,347.0,123.0,1.0,283.0,110.0,1.0,359.0,118.0,1.0,2.810707358354848,2.273873390204456,0.37907473886354026,1.9505481136253986
335.0,139.0,1.0,303.0,181.0,1.0,236.0,175.0,1.0,167.0,243.0,1.0,108.0,272.0,1.0,367.0,185.0,1.0,401.0,279.0,1.0,403.0,213.0,1.0,295.0,420.0,1.0,243.0,412.0,1.0,349.0,420.0,1.0,319.0,122.0,1.0,347.0,123.0,1.0,283.0,110.0,1.0,359.0,118.0,1.0,2.8203386234820393,2.27417963764282,0.37735536345826554,1.9802767403303445
335.0,139.0,1.0,303.0,181.0,1.0,236.0,175.0,1.0,179.0,234.0,1.0,124.0,266.0,1.0,369.0,186.0,1.0,400.0,280.0,1.0,401.0,214.0,1.0,295.0,420.0,1.0,243.0,412.0,1.0,349.0,420.0,1.0,319.0,122.0,1.0,347.0,123.0,1.0,283.0,110.0,1.0,359.0,118.0,1.0,2.865898046187245,2.249640826004593,0.333706032962837,1.9649651471197935
335.0,139.0,1.0,303.0,181.0,1.0,236.0,175.0,1.0,181.0,234.0,1.0,138.0,261.0,1.0,370.0,186.0,1.0,399.0,281.0,1.0,397.0,215.0,1.0,294.0,418.0,1.0,243.0,412.0,1.0,347.0,420.0,1.0,319.0,122.0,1.0,347.0,124.0,1.0,283.0,110.0,1.0,359.0,119.0,1.0,2.881808154641925,2.2318071666658974,0.2659845979671446,1.941563474894698
335.0,139.0,1.0,304.0,181.0,1.0,237.0,175.0,1.0,186.0,230.0,1.0,147.0,248.0,1.0,371.0,188.0,1.0,397.0,283.0,1.0,395.0,216.0,1.0,294.0,418.0,1.0,242.0,412.0,1.0,344.0,420.0,1.0,319.0,122.0,1.0,348.0,124.0,1.0,284.0,110.0,1.0,360.0,119.0,1.0,2.7508843132960186,2.2291625447322585,0.23730063619858557,1.9420387857701913
336.0,139.0,1.0,307.0,182.0,1.0,238.0,175.0,1.0,187.0,220.0,1.0,151.0,250.0,1.0,372.0,189.0,1.0,397.0,284.0,1.0,394.0,217.0,1.0,292.0,418.0,1.0,242.0,412.0,1.0,344.0,420.0,1.0,320.0,122.0,1.0,349.0,124.0,1.0,285.0,110.0,1.0,361.0,119.0,1.0,3.113351576385005,2.3175099284520035,0.21257748351647282,1.935398897414388
337.0,139.0,1.0,308.0,182.0,1.0,240.0,174.0,1.0,185.0,222.0,1.0,161.0,250.0,1.0,371.0,190.0,1.0,396.0,285.0,1.0,393.0,218.0,1.0,292.0,418.0,1.0,242.0,412.0,1.0,344.0,420.0,1.0,321.0,122.0,1.0,350.0,124.0,1.0,286.0,110.0,1.0,362.0,119.0,1.0,2.996963939463711,2.3069425684817846,0.21257748351647282,1.9544281588292256
339.0,139.0,1.0,309.0,182.0,1.0,241.0,174.0,1.0,153.0,242.0,1.0,174.0,250.0,1.0,371.0,191.0,1.0,396.0,285.0,1.0,393.0,219.0,1.0,292.0,418.0,1.0,242.0,412.0,1.0,344.0,420.0,1.0,323.0,122.0,1.0,351.0,124.0,1.0,287.0,110.0,1.0,363.0,120.0,1.0,1.0218675616918542,2.366595303840719,0.21451686076695048,1.9748908540965788
340.0,142.0,1.0,310.0,182.0,1.0,242.0,174.0,1.0,151.0,248.0,1.0,187.0,249.0,1.0,374.0,191.0,1.0,396.0,285.0,1.0,393.0,220.0,1.0,292.0,418.0,1.0,241.0,412.0,1.0,345.0,420.0,1.0,324.0,122.0,1.0,352.0,124.0,1.0,289.0,113.0,1.0,364.0,120.0,1.0,0.710500756374285,2.341753789242065,0.18378331211739343,1.940409629215965
341.0,143.0,1.0,311.0,182.0,1.0,242.0,175.0,1.0,151.0,252.0,1.0,199.0,246.0,1.0,375.0,191.0,1.0,396.0,285.0,1.0,394.0,221.0,1.0,293.0,418.0,1.0,242.0,412.0,1.0,345.0,419.0,1.0,326.0,123.0,1.0,353.0,125.0,1.0,290.0,113.0,1.0,364.9948425292969,120.71288299560547,0.0,0.5779019369622456,2.3382323503444877,0.18855523809376368,1.9303002726080927
342.0,143.0,1.0,312.0,182.0,1.0,242.0,175.0,1.0,153.0,251.0,1.0,202.0,246.0,1.0,376.0,191.0,1.0,396.0,285.0,1.0,395.0,221.0,1.0,293.0,418.0,1.0,242.0,412.0,1.0,345.0,420.0,1.0,327.0,123.0,1.0,354.0,125.0,1.0,291.0,113.0,1.0,366.0,121.0,1.0,0.6050838543687377,2.3351512949668165,0.19401611725373535,1.9201450469582728
343.0,143.0,1.0,313.0,182.0,1.0,245.0,172.0,1.0,154.0,251.0,1.0,214.0,239.0,1.0,377.0,191.0,1.0,397.0,285.0,1.0,396.0,221.0,1.0,295.0,416.0,1.0,243.0,412.0,1.0,345.0,420.0,1.0,328.0,123.0,1.0,355.0,125.0,1.0,292.0,113.0,1.0,366.9942321777344,121.02452087402344,0.0,0.517531258968772,2.2806535770598653,0.19401611725373535,1.9201450469582728
344.0,143.0,1.0,314.0,182.0,1.0,246.0,171.0,1.0,156.0,250.0,1.0,222.0,234.0,1.0,378.0,191.0,1.0,397.0,285.0,1.0,397.0,221.0,1.0,295.0,416.0,1.0,244.0,412.0,1.0,345.0,420.0,1.0,329.0,123.0,1.0,356.0,125.0,1.0,293.0,113.0,1.0,367.76629638671875,121.5125961303711,0.0,0.4825651627803946,2.2608161193759972,0.19944054677423462,1.909945747858295
345.0,143.0,1.0,315.0,182.0,1.0,246.0,171.0,1.0,159.0,249.0,1.0,234.0,229.0,1.0,378.0,189.0,1.0,398.0,285.0,1.0,398.0,221.0,1.0,295.0,416.0,1.0,244.0,412.0,1.0,345.0,420.0,1.0,330.0,123.0,1.0,357.0,125.0,1.0,294.0,113.0,1.0,368.8797607421875,121.13167572021484,0.0,0.4703043154093763,2.25259597531139,0.2053953891897671,1.8868489371585597
346.0,143.0,1.0,314.0,181.0,1.0,247.0,170.0,1.0,162.0,249.0,1.0,245.0,224.0,1.0,378.0,187.0,1.0,398.0,285.0,1.0,399.0,221.0,1.0,295.0,416.0,1.0,244.0,412.0,1.0,345.0,420.0,1.0,331.0,123.0,1.0,358.0,125.0,1.0,295.0,113.0,1.0,369.4855041503906,121.21310424804688,0.0,0.45626734108005956,2.230036171465505,0.21694083699511715,1.8655902163281268
347.0,143.0,1.0,315.0,181.0,1.0,249.0,170.0,1.0,165.0,248.0,1.0,253.0,219.0,1.0,379.0,187.0,1.0,398.0,285.0,1.0,400.0,221.0,1.0,297.0,418.0,1.0,244.0,412.0,1.0,345.0,420.0,1.0,331.0,123.0,1.0,359.0,125.0,1.0,296.0,113.0,1.0,370.1642150878906,121.18655395507812,0.0,0.43004044915841405,2.2280659286516484,0.22274155189988673,1.8557748264231049
348.0,143.0,1.0,315.0,181.0,1.0,249.0,170.0,1.0,169.0,250.0,1.0,263.0,215.0,1.0,380.0,187.0,1.0,398.0,285.0,1.0,401.0,221.0,1.0,297.0,418.0,1.0,244.0,412.0,1.0,348.0,422.0,1.0,332.0,123.0,1.0,360.0,125.0,1.0,297.0,113.0,1.0,370.878662109375,121.09101104736328,0.0,0.42896121117725217,2.1910458127777184,0.22848954291598172,1.8444920056583154
348.0,143.0,1.0,316.0,181.0,1.0,250.0,170.0,1.0,173.0,248.0,1.0,270.0,213.0,1.0,381.0,187.0,1.0,398.0,285.0,1.0,402.0,221.0,1.0,297.0,418.0,1.0,244.0,412.0,1.0,348.0,421.0,1.0,333.0,123.0,1.0,360.0,125.0,1.0,297.0,113.0,1.0,371.1925354003906,121.13544464111328,0.0,0.44556417933103937,2.1845942893847496,0.23417896132416094,1.8346033269865065
348.0,143.0,1.0,318.0,181.0,1.0,251.0,170.0,1.0,178.0,247.0,1.0,276.0,211.0,1.0,381.0,187.0,1.0,398.0,285.0,1.0,402.0,221.0,1.0,297.0,418.0,1.0,245.0,412.0,1.0,348.0,421.0,1.0,333.0,123.0,1.0,360.0,125.0,1.0,297.0,113.0,1.0,371.42254638671875,121.04125213623047,0.0,0.46001419745662886,2.166806767177366,0.23417896132416094,1.8375081844658563
348.0,143.0,1.0,318.0,179.0,1.0,252.0,170.0,1.0,183.0,246.0,1.0,282.0,209.0,1.0,381.0,187.0,1.0,398.0,285.0,1.0,402.0,221.0,1.0,297.0,418.0,1.0,246.0,412.0,1.0,348.0,421.0,1.0,333.0,123.0,1.0,360.0,125.0,1.0,297.0,113.0,1.0,371.4658508300781,120.82882690429688,0.0,0.47597332356418076,2.172428365028906,0.23417896132416094,1.86886459518634
348.0,143.0,1.0,317.0,178.0,1.0,253.0,170.0,1.0,188.0,248.0,1.0,290.0,205.0,1.0,381.0,187.0,1.0,398.0,285.0,1.0,402.0,221.0,1.0,298.0,418.0,1.0,246.0,412.0,1.0,348.0,421.0,1.0,333.0,123.0,1.0,360.0,125.0,1.0,297.0,113.0,1.0,371.1950378417969,120.35560607910156,0.0,0.4770973928651694,2.1411796084448382,0.23417896132416094,1.8822653524122634
348.0,143.0,1.0,317.0,178.0,1.0,253.0,170.0,1.0,193.0,247.0,1.0,298.0,200.0,1.0,381.0,187.0,1.0,398.0,285.0,1.0,404.0,220.0,1.0,298.0,421.0,1.0,247.0,415.0,1.0,348.0,421.0,1.0,333.0,123.0,1.0,360.0,125.0,1.0,296.0,113.0,1.0,370.691650390625,120.33367919921875,0.0,0.487982524598875,2.1083829734536432,0.2638070001916102,1.8822653524122634
348.0,143.0,1.0,317.0,178.0,1.0,254.0,170.0,1.0,197.0,247.0,1.0,301.0,198.0,1.0,380.0,185.0,1.0,398.0,285.0,1.0,404.0,220.0,1.0,298.0,421.0,1.0,247.0,415.0,1.0,348.0,421.0,1.0,333.0,123.0,1.0,360.0,125.0,1.0,296.0,113.0,1.0,370.5032653808594,120.29142761230469,0.0,0.4932526383836572,2.0817263523972733,0.27013978709460457,1.8595464861999897
348.0,142.0,1.0,317.0,178.0,1.0,254.0,170.0,1.0,199.0,246.0,1.0,302.0,198.0,1.0,380.0,185.0,1.0,398.0,285.0,1.0,404.0,220.0,1.0,298.0,421.0,1.0,247.0,415.0,1.0,351.0,424.0,1.0,333.0,123.0,1.0,360.0,125.0,1.0,296.0,113.0,1.0,370.42388916015625,120.22408294677734,0.0,0.5082556054730939,2.070933403300412,0.27013978709460457,1.8595464861999897
348.0,141.0,1.0,317.0,178.0,1.0,254.0,170.0,1.0,199.0,247.0,1.0,303.0,197.0,1.0,380.0,185.0,1.0,398.0,285.0,1.0,404.0,220.0,1.0,301.0,421.0,1.0,248.0,418.0,1.0,350.0,424.0,1.0,333.0,123.0,1.0,360.0,125.0,1.0,296.0,113.0,1.0,370.43017578125,120.18547821044922,0.0,0.5024018657362851,2.064737695714478,0.27013978709460457,1.8595464861999897
348.0,143.0,1.0,317.0,178.0,1.0,254.0,170.0,1.0,198.0,248.0,1.0,301.0,198.0,1.0,380.0,185.0,1.0,398.0,285.0,1.0,404.0,220.0,1.0,301.0,421.0,1.0,248.0,418.0,1.0,350.0,424.0,1.0,333.0,123.0,1.0,360.0,125.0,1.0,296.0,113.0,1.0,370.6601867675781,120.13155364990234,0.0,0.4961961426394173,2.0671589984887238,0.27013978709460457,1.8595464861999897
348.0,146.0,1.0,317.0,178.0,1.0,254.0,170.0,1.0,196.0,249.0,1.0,297.0,202.0,1.0,380.0,185.0,1.0,399.0,285.0,1.0,404.0,220.0,1.0,301.0,421.0,1.0,249.0,418.0,1.0,350.0,424.0,1.0,333.0,123.0,1.0,360.0,125.0,1.0,296.0,113.0,1.0,370.92572021484375,120.17886352539062,0.0,0.5019563839552166,2.0777855910309864,0.2645338377833722,1.8692154944823856
347.0,146.0,1.0,317.0,178.0,1.0,254.0,170.0,1.0,193.0,250.0,1.0,294.0,205.0,1.0,379.0,184.0,1.0,399.0,285.0,1.0,404.0,220.0,1.0,301.0,421.0,1.0,249.0,418.0,1.0,350.0,424.0,1.0,334.0,123.0,1.0,360.0,125.0,1.0,296.0,113.0,1.0,371.3782958984375,120.19908142089844,0.0,0.5002004963774398,2.0959414371824416,0.2722626915184588,1.8627609022261642
347.0,146.0,1.0,317.0,178.0,1.0,253.0,170.0,1.0,190.0,251.0,1.0,291.0,209.0,1.0,379.0,184.0,1.0,398.0,284.0,1.0,404.0,220.0,1.0,301.0,421.0,1.0,249.0,418.0,1.0,350.0,424.0,1.0,334.0,123.0,1.0,360.0,125.0,1.0,296.0,113.0,1.0,371.81817626953125,120.12802124023438,0.0,0.5156652730089726,2.1074845010988223,0.28123872767218316,1.855032048491077
347.0,146.0,1.0,316.0,177.0,1.0,251.0,171.0,1.0,187.0,252.0,1.0,284.0,214.0,1.0,379.0,184.0,1.0,398.0,284.0,1.0,404.0,220.0,1.0,301.0,421.0,1.0,249.0,418.0,1.0,350.0,424.0,1.0,334.0,123.0,1.0,360.0,125.0,1.0,296.0,113.0,1.0,372.1002502441406,120.48822021484375,0.0,0.5287303747614412,2.147439056804741,0.28123872767218316,1.8692154944823856
347.0,146.0,1.0,316.0,177.0,1.0,251.0,171.0,1.0,184.0,254.0,1.0,276.0,219.0,1.0,379.0,184.0,1.0,398.0,284.0,1.0,404.0,220.0,1.0,301.0,421.0,1.0,249.0,418.0,1.0,350.0,424.0,1.0,334.0,123.0,1.0,360.0,125.0,1.0,296.0,113.0,1.0,372.3699951171875,120.54068756103516,0.0,0.5281361493140884,2.1578827784378594,0.28123872767218316,1.8692154944823856
347.0,146.0,1.0,316.0,178.0,1.0,251.0,172.0,1.0,183.0,257.0,1.0,268.0,224.0,1.0,379.0,184.0,1.0,401.0,283.0,1.0,404.0,220.0,1.0,301.0,421.0,1.0,249.0,415.0,1.0,352.0,422.0,1.0,334.0,123.0,1.0,360.0,125.0,1.0,296.0,113.0,1.0,372.3619384765625,120.55290222167969,0.0,0.5257319548685694,2.1534904201550424,0.26625204915092515,1.884416979011595
347.0,146.0,1.0,316.0,178.0,1.0,250.0,172.0,1.0,181.0,258.0,1.0,268.0,222.0,1.0,379.0,184.0,1.0,401.0,283.0,1.0,404.0,220.0,1.0,301.0,421.0,1.0,249.0,415.0,1.0,352.0,422.0,1.0,334.0,123.0,1.0,360.0,125.0,1.0,296.0,113.0,1.0,372.3035583496094,120.69485473632812,0.0,0.5022988107081763,2.156293811465356,0.26625204915092515,1.884416979011595
347.0,146.0,1.0,316.0,178.0,1.0,250.0,172.0,1.0,176.0,262.0,1.0,257.0,230.0,1.0,379.0,184.0,1.0,401.0,283.0,1.0,403.0,220.0,1.0,301.0,421.0,1.0,249.0,415.0,1.0,352.0,422.0,1.0,334.0,123.0,1.0,360.0,125.0,1.0,296.0,113.0,1.0,372.103515625,120.68190002441406,0.0,0.5064093510116405,2.168281404740034,0.25040431940239993,1.884416979011595
347.0,146.0,1.0,316.0,178.0,1.0,249.0,173.0,1.0,174.0,265.0,1.0,247.0,235.0,1.0,378.0,184.0,1.0,401.0,283.0,1.0,402.0,220.0,1.0,301.0,421.0,1.0,249.0,415.0,1.0,351.0,422.0,1.0,334.0,123.0,1.0,360.0,125.0,1.0,296.0,113.0,1.0,371.6103210449219,120.83263397216797,0.0,0.4969272547660797,2.1802587446789796,0.24414545622984332,1.8955438752155362
347.0,146.0,1.0,316.0,178.0,1.0,249.0,174.0,1.0,172.0,267.0,1.0,237.0,240.0,1.0,377.0,184.0,1.0,400.0,283.0,1.0,401.0,220.0,1.0,301.0,421.0,1.0,249.0,415.0,1.0,351.0,422.0,1.0,334.0,123.0,1.0,360.0,125.0,1.0,296.0,113.0,1.0,371.2886657714844,120.74429321289062,0.0,0.4855411520667607,2.202722564431839,0.24414545622984332,1.8971153773267886
346.0,146.0,1.0,316.0,178.0,1.0,248.0,175.0,1.0,170.0,268.0,1.0,227.0,245.0,1.0,375.0,184.0,1.0,399.0,283.0,1.0,400.0,220.0,1.0,301.0,421.0,1.0,249.0,415.0,1.0,351.0,422.0,1.0,333.0,123.0,1.0,359.0,125.0,1.0,296.0,113.0,1.0,370.6313781738281,120.73009490966797,0.0,0.48936598824284766,2.224610091991882,0.2537076104492411,1.9099787575180152
346.0,144.0,1.0,315.0,181.0,1.0,248.0,174.0,1.0,170.0,269.0,1.0,216.0,250.0,1.0,376.0,185.0,1.0,399.0,283.0,1.0,398.0,220.0,1.0,300.0,421.0,1.0,249.0,415.0,1.0,350.0,423.0,1.0,332.0,123.0,1.0,358.0,125.0,1.0,296.0,113.0,1.0,370.0434875488281,120.388671875,0.0,0.4916496486028016,2.1541431274399683,0.2146501560515792,1.8667981907617301
345.0,144.0,1.0,315.0,181.0,1.0,248.0,174.0,1.0,169.0,271.0,1.0,209.0,253.0,1.0,374.0,185.0,1.0,398.0,283.0,1.0,396.0,220.0,1.0,300.0,421.0,1.0,249.0,415.0,1.0,350.0,421.0,1.0,331.0,123.0,1.0,357.0,125.0,1.0,295.0,113.0,1.0,369.5333251953125,120.54304504394531,0.0,0.4644626047453815,2.1501761846018717,0.20843563433171577,1.8786603573490384
344.0,144.0,1.0,315.0,181.0,1.0,248.0,175.0,1.0,166.0,271.0,1.0,197.0,258.0,1.0,372.0,185.0,1.0,397.0,283.0,1.0,395.0,220.0,1.0,300.0,421.0,1.0,249.0,415.0,1.0,350.0,421.0,1.0,330.0,123.0,1.0,356.0,125.0,1.0,294.0,113.0,1.0,368.8489685058594,120.5315933227539,0.0,0.46680882080979785,2.188390394561791,0.21803941589279088,1.8906316988546004
343.0,144.0,1.0,315.0,181.0,1.0,248.0,175.0,1.0,161.0,275.0,1.0,197.0,262.0,1.0,373.0,186.0,1.0,397.0,282.0,1.0,393.0,220.0,1.0,300.0,421.0,1.0,249.0,415.0,1.0,350.0,421.0,1.0,330.0,123.0,1.0,358.0,124.0,1.0,294.0,113.0,1.0,368.3941650390625,120.52436065673828,0.0,0.5082663479446545,2.1974734482179747,0.18055182370130993,1.9017692811160016
343.0,144.0,1.0,314.0,183.0,1.0,247.0,177.0,1.0,157.0,268.0,1.0,185.0,268.0,1.0,374.0,188.0,1.0,396.0,282.0,1.0,391.0,220.0,1.0,300.0,421.0,1.0,249.0,415.0,1.0,350.0,421.0,1.0,329.0,123.0,1.0,358.0,124.0,1.0,294.0,113.0,1.0,367.8777160644531,120.25030517578125,0.0,0.790922969063121,2.26135569153345,0.14943341686644412,1.8838419868152425
342.0,144.0,1.0,314.0,183.0,1.0,246.0,178.0,1.0,163.0,256.0,1.0,183.0,264.0,1.0,372.0,188.0,1.0,396.0,282.0,1.0,392.0,222.0,1.0,299.0,419.0,1.0,249.0,413.0,1.0,350.0,421.0,1.0,329.0,123.0,1.0,357.0,124.0,1.0,294.0,113.0,1.0,367.3203430175781,120.30854797363281,0.0,1.1348586182657898,2.3138430865347566,0.18341045768499822,1.9067692394499598
342.0,144.0,1.0,314.0,183.0,1.0,246.0,178.0,1.0,169.0,250.0,1.0,176.0,265.0,1.0,373.0,191.0,1.0,395.0,282.0,1.0,391.0,222.0,1.0,299.0,419.0,1.0,249.0,413.0,1.0,350.0,421.0,1.0,328.0,123.0,1.0,357.0,124.0,1.0,293.0,113.0,1.0,366.7908630371094,120.12662506103516,0.0,1.8860228708171252,2.316341623852412,0.17063863510782062,1.9427744101562718
341.0,144.0,1.0,314.0,183.0,1.0,246.0,178.0,1.0,170.0,249.0,1.0,176.0,263.0,1.0,372.0,191.0,1.0,394.0,282.0,1.0,390.0,222.0,1.0,299.0,419.0,1.0,249.0,413.0,1.0,351.0,421.0,1.0,327.0,123.0,1.0,357.0,124.0,1.0,293.0,113.0,1.0,366.5406799316406,119.55770874023438,0.0,1.9173022064348404,2.3167976617631543,0.17063863510782062,1.9450692999887282
340.0,143.0,1.0,314.0,183.0,1.0,246.0,178.0,1.0,155.0,266.0,1.0,178.0,262.0,1.0,374.0,192.0,1.0,394.0,282.0,1.0,389.0,222.0,1.0,299.0,419.0,1.0,249.0,413.0,1.0,350.0,421.0,1.0,326.0,123.0,1.0,356.0,124.0,1.0,292.0,113.0,1.0,365.8355407714844,119.35123443603516,0.0,0.5964491412922718,2.299555371872971,0.1355277139855011,1.9383552202783358
340.0,143.0,1.0,313.0,183.0,1.0,246.0,178.0,1.0,157.0,267.0,1.0,181.0,264.0,1.0,373.0,192.0,1.0,394.0,282.0,1.0,389.0,222.0,1.0,299.0,419.0,1.0,249.0,413.0,1.0,350.0,421.0,1.0,326.0,123.0,1.0,356.0,124.0,1.0,292.0,113.0,1.0,365.35400390625,119.3638687133789,0.0,0.6610431688506868,2.2817056999784633,0.14609070138855434,1.9489182076813891
339.0,142.0,1.0,313.0,183.0,1.0,246.0,180.0,1.0,159.0,270.0,1.0,184.0,269.0,1.0,373.0,192.0,1.0,394.0,282.0,1.0,389.0,222.0,1.0,299.0,419.0,1.0,249.0,413.0,1.0,350.0,421.0,1.0,325.0,122.0,1.0,355.0,123.0,1.0,291.0,113.0,1.0,364.650390625,118.68955993652344,0.0,0.7623670060805634,2.2945007289313244,0.14609070138855434,1.9489182076813891
340.0,139.0,1.0,313.0,183.0,1.0,246.0,180.0,1.0,167.0,266.0,1.0,184.0,275.0,1.0,373.0,192.0,1.0,394.0,283.0,1.0,389.0,222.0,1.0,299.0,419.0,1.0,249.0,413.0,1.0,350.0,421.0,1.0,324.0,121.0,1.0,354.0,122.0,1.0,290.0,113.0,1.0,364.0,118.0,1.0,1.3146962131346571,2.2690494408117896,0.1450144674358899,1.9464851224582798
339.0,137.0,1.0,313.0,183.0,1.0,246.0,180.0,1.0,171.0,264.0,1.0,183.0,280.0,1.0,373.0,193.0,1.0,394.0,284.0,1.0,389.0,222.0,1.0,299.0,419.0,1.0,249.0,413.0,1.0,350.0,421.0,1.0,323.0,119.0,1.0,353.0,120.0,1.0,290.0,112.0,1.0,363.0,116.0,1.0,1.769236818343878,2.2549048217929117,0.14632783678842576,1.9627438522634093
338.0,135.0,1.0,313.0,183.0,1.0,245.0,181.0,1.0,173.0,270.0,1.0,184.0,287.0,1.0,373.0,194.0,1.0,395.0,285.0,1.0,389.0,223.0,1.0,299.0,419.0,1.0,249.0,413.0,1.0,350.0,421.0,1.0,322.0,117.0,1.0,352.0,118.0,1.0,289.0,111.0,1.0,362.0,115.0,1.0,1.887089909438196,2.221590952567787,0.14073302370105617,1.989322900080031
337.0,133.0,1.0,313.0,183.0,1.0,245.0,181.0,1.0,183.0,266.0,1.0,184.0,296.0,1.0,375.0,193.0,1.0,395.0,290.0,1.0,390.0,225.0,1.0,299.0,419.0,1.0,249.0,413.0,1.0,350.0,421.0,1.0,320.0,115.0,1.0,351.0,116.0,1.0,288.0,110.0,1.0,362.0,116.0,1.0,2.478077748166996,2.1715869481354413,0.12656419275849792,1.9340455339813916
336.0,131.0,1.0,313.0,183.0,1.0,245.0,182.0,1.0,184.0,270.0,1.0,183.0,302.0,1.0,376.0,193.0,1.0,396.0,292.0,1.0,391.0,228.0,1.0,299.0,419.0,1.0,249.0,413.0,1.0,350.0,421.0,1.0,319.0,113.0,1.0,350.0,114.0,1.0,287.0,109.0,1.0,361.0,114.0,1.0,2.5666971560295604,2.1622268354075462,0.12137067115078247,1.9275505045038113
334.0,129.0,1.0,313.0,183.0,1.0,243.0,183.0,1.0,187.0,272.0,1.0,182.0,311.0,1.0,378.0,194.0,1.0,397.0,295.0,1.0,392.0,232.0,1.0,299.0,419.0,1.0,248.0,413.0,1.0,350.0,421.0,1.0,317.0,111.0,1.0,349.0,113.0,1.0,286.0,108.0,1.0,360.0,113.0,1.0,2.707478712132534,2.132419826467394,0.10674660758626026,1.9243844431818231
332.0,127.0,1.0,313.0,183.0,1.0,243.0,184.0,1.0,188.0,276.0,1.0,182.0,318.0,1.0,378.0,189.0,1.0,397.0,299.0,1.0,393.0,237.0,1.0,300.0,419.0,1.0,248.0,413.0,1.0,350.0,421.0,1.0,315.0,109.0,1.0,348.0,111.0,1.0,285.0,107.0,1.0,359.0,112.0,1.0,2.7446702065580415,2.1239005710182086,0.10661278604337028,1.8338828011272272
330.0,125.0,1.0,313.0,183.0,1.0,243.0,185.0,1.0,194.0,277.0,1.0,180.0,329.0,1.0,379.0,197.0,1.0,396.0,305.0,1.0,394.0,244.0,1.0,300.0,419.0,1.0,248.0,413.0,1.0,350.0,421.0,1.0,313.0,107.0,1.0,347.0,109.0,1.0,284.0,106.0,1.0,358.0,110.0,1.0,2.915194393042855,2.0887529768615143,0.12335122143926658,1.9359456354445035
328.0,123.0,1.0,313.0,183.0,1.0,241.0,184.0,1.0,196.0,280.0,1.0,177.0,339.0,1.0,380.0,195.0,1.0,396.0,309.0,1.0,394.0,252.0,1.0,299.0,422.0,1.0,248.0,413.0,1.0,350.0,424.0,1.0,311.0,105.0,1.0,346.0,107.0,1.0,283.0,105.0,1.0,357.0,109.0,1.0,3.014802920634523,2.0230208825838214,0.10436672655811409,1.8874617688359538
326.0,121.0,1.0,313.0,183.0,1.0,241.0,184.0,1.0,198.0,283.0,1.0,174.0,347.0,1.0,378.0,193.0,1.0,395.0,314.0,1.0,394.0,261.0,1.0,299.0,422.0,1.0,248.0,413.0,1.0,350.0,424.0,1.0,309.0,103.0,1.0,345.0,105.0,1.0,282.0,104.0,1.0,356.0,108.0,1.0,3.090605395935981,1.9944422506502466,0.12071655790220784,1.8630278991140405
325.0,118.0,1.0,312.0,185.0,1.0,239.0,185.0,1.0,199.0,285.0,1.0,173.0,348.0,1.0,376.0,193.0,1.0,395.0,318.0,1.0,394.0,271.0,1.0,299.0,422.0,1.0,248.0,413.0,1.0,350.0,424.0,1.0,307.0,100.0,1.0,344.0,103.0,1.0,281.0,103.0,1.0,355.0,107.0,1.0,3.1306939025769527,1.9513027039072615,0.1295719755968783,1.8459966829625978
323.0,116.0,1.0,312.0,185.0,1.0,239.0,185.0,1.0,200.0,285.0,1.0,172.0,357.0,1.0,376.0,191.0,1.0,394.0,322.0,1.0,394.0,282.0,1.0,299.0,422.0,1.0,248.0,413.0,1.0,350.0,424.0,1.0,306.0,98.0,1.0,341.0,102.0,1.0,280.0,102.0,1.0,354.0,107.0,1.0,3.140627868553815,1.942652400643478,0.13654951199501364,1.8008226199484993
322.0,114.0,1.0,309.0,185.0,1.0,239.0,185.0,1.0,200.0,287.0,1.0,171.0,363.0,1.0,374.0,189.0,1.0,393.0,327.0,1.0,394.0,290.0,1.0,299.0,422.0,1.0,248.0,413.0,1.0,349.0,424.0,1.0,304.0,96.0,1.0,340.0,100.0,1.0,279.0,101.0,1.0,353.0,106.0,1.0,3.140917206208484,1.9359977765830696,0.16384140525813087,1.769078238748528
320.0,112.0,1.0,309.0,185.0,1.0,237.0,185.0,1.0,200.0,289.0,1.0,171.0,366.0,1.0,374.0,189.0,1.0,396.0,329.0,1.0,380.0,298.0,1.0,299.0,422.0,1.0,248.0,414.0,1.0,348.0,426.0,1.0,302.0,94.0,1.0,337.0,99.0,1.0,278.0,100.0,1.0,352.0,106.0,1.0,3.123204681152854,1.9126014987757856,0.3205992180753847,1.788125484075985
319.0,111.0,1.0,307.0,185.0,1.0,236.0,186.0,1.0,200.0,291.0,1.0,171.0,369.0,1.0,374.0,189.0,1.0,406.0,322.0,1.0,378.0,310.0,1.0,299.0,422.0,1.0,248.0,414.0,1.0,348.0,426.0,1.0,301.0,93.0,1.0,335.0,96.0,1.0,277.0,100.0,1.0,351.0,105.0,1.0,3.115932270251062,1.9151772574470105,0.9297908933731376,1.8665406870627417
317.0,109.0,1.0,306.0,185.0,1.0,236.0,186.0,1.0,200.0,292.0,1.0,171.0,372.0,1.0,374.0,189.0,1.0,404.0,327.0,1.0,376.0,320.0,1.0,299.0,423.0,1.0,248.0,414.0,1.0,348.0,426.0,1.0,300.0,92.0,1.0,332.0,93.0,1.0,276.0,99.0,1.0,350.0,105.0,1.0,3.121225877533008,1.9124812811825198,1.1117569801042109,1.8436128330744408
316.0,108.0,1.0,305.0,185.0,1.0,236.0,186.0,1.0,200.0,293.0,1.0,171.0,375.0,1.0,374.0,189.0,1.0,398.0,324.0,1.0,380.0,320.0,1.0,299.0,423.0,1.0,248.0,414.0,1.0,347.0,426.0,1.0,299.0,91.0,1.0,331.0,92.0,1.0,278.0,100.0,1.0,349.0,105.0,1.0,3.126213951638909,1.9098397333791315,1.1761877554684268,1.8046421574955316
315.0,107.0,1.0,303.0,185.0,1.0,236.0,186.0,1.0,200.0,293.0,1.0,172.0,376.0,1.0,374.0,189.0,1.0,402.0,318.0,1.0,381.0,325.0,1.0,298.0,423.0,1.0,245.0,413.0,1.0,347.0,426.0,1.0,298.0,91.0,1.0,330.0,91.0,1.0,277.0,100.0,1.0,348.0,105.0,1.0,3.1407836740918484,1.9102722593037165,1.6788080514949428,1.8408136927802545
314.0,107.0,1.0,302.0,185.0,1.0,236.0,186.0,1.0,200.0,293.0,1.0,173.0,377.0,1.0,374.0,189.0,1.0,394.0,310.0,1.0,380.0,332.0,1.0,298.0,423.0,1.0,245.0,413.0,1.0,347.0,426.0,1.0,297.0,91.0,1.0,329.0,90.0,1.0,276.0,100.0,1.0,347.0,104.0,1.0,3.128039266676595,1.9104983501884012,2.411055240422486,1.7901030276844143
313.0,106.0,1.0,301.0,185.0,1.0,236.0,186.0,1.0,200.0,293.0,1.0,174.0,378.0,1.0,374.0,189.0,1.0,390.0,292.0,1.0,380.0,328.0,1.0,298.0,423.0,1.0,243.0,413.0,1.0,347.0,426.0,1.0,296.0,91.0,1.0,328.0,89.0,1.0,275.0,100.0,1.0,346.0,104.0,1.0,3.113885659447458,1.9107313960942265,2.716537686685946,1.7796442234102037
312.0,105.0,1.0,301.0,185.0,1.0,236.0,186.0,1.0,200.0,293.0,1.0,175.0,378.0,1.0,374.0,189.0,1.0,390.0,293.0,1.0,380.0,331.0,1.0,298.0,423.0,1.0,243.0,413.0,1.0,347.0,426.0,1.0,295.0,90.0,1.0,327.0,89.0,1.0,274.0,100.0,1.0,345.0,104.0,1.0,3.103092427788375,1.9107313960942265,2.7316196102234396,1.7781854352400426
311.0,104.0,1.0,300.0,185.0,1.0,236.0,186.0,1.0,200.0,293.0,1.0,176.0,378.0,1.0,373.0,189.0,1.0,389.0,296.0,1.0,380.0,332.0,1.0,297.0,423.0,1.0,243.0,413.0,1.0,346.0,426.0,1.0,294.0,90.0,1.0,326.0,89.0,1.0,273.0,100.0,1.0,344.0,104.0,1.0,3.0922302352002253,1.9109717229341083,2.7481810812128344,1.7739690160948725
310.0,104.0,1.0,299.0,185.0,1.0,236.0,186.0,1.0,200.0,293.0,1.0,177.0,378.0,1.0,373.0,189.0,1.0,390.0,286.0,1.0,380.0,333.0,1.0,297.0,423.0,1.0,241.0,413.0,1.0,345.0,426.0,1.0,293.0,90.0,1.0,325.0,89.0,1.0,272.0,100.0,1.0,343.0,104.0,1.0,3.0813010059843853,1.9112196773054215,2.7584570787527993,1.7982935561336466
309.0,104.0,1.0,298.0,185.0,1.0,236.0,186.0,1.0,200.0,293.0,1.0,177.0,378.0,1.0,371.0,189.0,1.0,390.0,290.0,1.0,380.0,333.0,1.0,295.0,423.0,1.0,239.0,413.0,1.0,345.0,426.0,1.0,292.0,90.0,1.0,324.0,89.0,1.0,271.0,100.0,1.0,342.0,104.0,1.0,3.0813010059843853,1.9114756281572676,2.72715033574222,1.811481785400488
308.0,104.0,1.0,298.0,185.0,1.0,236.0,186.0,1.0,200.0,293.0,1.0,177.0,378.0,1.0,371.0,189.0,1.0,390.0,290.0,1.0,380.0,334.0,1.0,295.0,423.0,1.0,239.0,413.0,1.0,345.0,426.0,1.0,291.0,90.0,1.0,323.0,89.0,1.0,270.0,100.0,1.0,341.0,104.0,1.0,3.0813010059843853,1.9114756281572676,2.7321703738934495,1.811481785400488
307.0,104.0,1.0,298.0,185.0,1.0,236.0,186.0,1.0,200.0,296.0,1.0,177.0,378.0,1.0,369.0,189.0,1.0,390.0,290.0,1.0,380.0,334.0,1.0,293.0,422.0,1.0,239.0,414.0,1.0,345.0,426.0,1.0,290.0,90.0,1.0,322.0,89.0,1.0,270.0,100.0,1.0,340.0,104.0,1.0,3.0987675127678846,1.9032100885506873,2.713116076445586,1.8320748390872328
306.0,104.0,1.0,298.0,185.0,1.0,236.0,186.0,1.0,200.0,296.0,1.0,177.0,378.0,1.0,369.0,189.0,1.0,389.0,290.0,1.0,380.0,333.0,1.0,294.0,422.0,1.0,237.0,414.0,1.0,345.0,426.0,1.0,289.0,90.0,1.0,324.0,89.0,1.0,269.0,100.0,1.0,342.0,104.0,1.0,3.0987675127678846,1.9032100885506873,2.7397779593113945,1.8225656633323393
305.0,104.0,1.0,298.0,185.0,1.0,236.0,186.0,1.0,199.0,296.0,1.0,177.0,378.0,1.0,369.0,189.0,1.0,389.0,290.0,1.0,379.0,332.0,1.0,294.0,422.0,1.0,238.0,414.0,1.0,345.0,426.0,1.0,288.0,90.0,1.0,323.0,89.0,1.0,268.0,100.0,1.0,341.0,104.0,1.0,3.079237151561691,1.9113993039321067,2.712358672472211,1.8225656633323393
304.0,104.0,1.0,298.0,185.0,1.0,233.0,186.0,1.0,198.0,296.0,1.0,177.0,378.0,1.0,368.0,189.0,1.0,389.0,290.0,1.0,378.0,331.0,1.0,291.0,422.0,1.0,238.0,414.0,1.0,345.0,426.0,1.0,287.0,90.0,1.0,322.0,89.0,1.0,267.0,100.0,1.0,340.0,104.0,1.0,3.0842491319874266,1.8942325095992683,2.6744728363207466,1.8328770852047354
303.0,104.0,1.0,297.0,185.0,1.0,233.0,186.0,1.0,197.0,296.0,1.0,177.0,378.0,1.0,368.0,189.0,1.0,388.0,290.0,1.0,377.0,330.0,1.0,291.0,422.0,1.0,238.0,414.0,1.0,345.0,426.0,1.0,287.0,90.0,1.0,322.0,89.0,1.0,266.0,100.0,1.0,340.0,104.0,1.0,3.064538125641302,1.9027061833275278,2.6777356424352057,1.8225656633323393
302.0,104.0,1.0,297.0,185.0,1.0,233.0,186.0,1.0,196.0,296.0,1.0,177.0,378.0,1.0,368.0,189.0,1.0,387.0,290.0,1.0,377.0,329.0,1.0,291.0,422.0,1.0,236.0,416.0,1.0,345.0,426.0,1.0,287.0,90.0,1.0,321.0,89.0,1.0,266.0,100.0,1.0,340.0,104.0,1.0,3.044806630064876,1.9108953987089474,2.704644288391048,1.8130205416393694
